-0.062500 -0.093750 0.466797
-0.017578 -0.052734 0.500000
-0.017578 -0.050781 0.500000
-0.017578 -0.050781 0.498047
-0.019531 -0.048828 0.498047
-0.019531 -0.048828 0.496094
-0.021484 -0.046875 0.496094
-0.021484 -0.046875 0.496094
-0.023438 -0.046875 0.496094
-0.021484 -0.046875 0.494141
-0.019531 -0.048828 0.494141
-0.017578 -0.048828 0.492188
-0.015625 -0.052734 0.492188
-0.013672 -0.054688 0.494141
-0.011719 -0.056641 0.492188
-0.009766 -0.058594 0.494141
-0.009766 -0.060547 0.494141
-0.009766 -0.060547 0.494141
-0.011719 -0.060547 0.494141
-0.013672 -0.060547 0.496094
-0.015625 -0.058594 0.496094
-0.015625 -0.058594 0.496094
-0.017578 -0.054688 0.496094
-0.019531 -0.052734 0.496094
-0.021484 -0.050781 0.496094
-0.021484 -0.048828 0.496094
-0.021484 -0.048828 0.494141
-0.023438 -0.048828 0.494141
-0.021484 -0.048828 0.494141
-0.021484 -0.050781 0.494141
-0.019531 -0.052734 0.494141
-0.019531 -0.056641 0.494141
-0.017578 -0.058594 0.494141
-0.015625 -0.060547 0.494141
-0.015625 -0.062500 0.494141
-0.013672 -0.064453 0.494141
-0.013672 -0.066406 0.494141
-0.013672 -0.066406 0.494141
-0.013672 -0.064453 0.492188
-0.015625 -0.066406 0.492188
-0.015625 -0.064453 0.492188
-0.015625 -0.062500 0.490234
-0.017578 -0.062500 0.490234
-0.017578 -0.062500 0.490234
-0.017578 -0.062500 0.490234
-0.017578 -0.060547 0.490234
-0.017578 -0.062500 0.488281
-0.017578 -0.060547 0.490234
-0.017578 -0.060547 0.490234
-0.015625 -0.060547 0.490234
-0.015625 -0.060547 0.488281
-0.015625 -0.060547 0.488281
-0.015625 -0.060547 0.488281
-0.015625 -0.060547 0.488281
-0.015625 -0.060547 0.488281
-0.015625 -0.062500 0.488281
-0.015625 -0.062500 0.486328
-0.017578 -0.062500 0.488281
-0.017578 -0.064453 0.488281
-0.017578 -0.064453 0.488281
-0.017578 -0.064453 0.488281
-0.015625 -0.064453 0.488281
-0.015625 -0.066406 0.488281
-0.015625 -0.066406 0.488281
-0.015625 -0.064453 0.488281
-0.017578 -0.064453 0.488281
-0.017578 -0.064453 0.486328
-0.017578 -0.062500 0.486328
-0.019531 -0.062500 0.486328
-0.019531 -0.062500 0.484375
-0.021484 -0.060547 0.484375
-0.023438 -0.058594 0.484375
-0.025391 -0.058594 0.484375
-0.023438 -0.058594 0.484375
-0.023438 -0.058594 0.484375
-0.023438 -0.058594 0.484375
-0.023438 -0.056641 0.484375
-0.021484 -0.058594 0.484375
-0.019531 -0.060547 0.484375
-0.019531 -0.060547 0.484375
-0.017578 -0.062500 0.484375
-0.015625 -0.062500 0.484375
-0.015625 -0.064453 0.484375
-0.015625 -0.066406 0.484375
-0.017578 -0.066406 0.486328
-0.017578 -0.064453 0.486328
-0.017578 -0.064453 0.486328
-0.017578 -0.064453 0.486328
-0.019531 -0.062500 0.486328
-0.019531 -0.062500 0.486328
-0.019531 -0.060547 0.486328
-0.019531 -0.060547 0.484375
-0.019531 -0.058594 0.482422
-0.017578 -0.058594 0.482422
-0.017578 -0.058594 0.480469
-0.017578 -0.058594 0.480469
-0.017578 -0.058594 0.480469
-0.017578 -0.058594 0.480469
-0.017578 -0.058594 0.480469
-0.015625 -0.060547 0.480469
-0.015625 -0.058594 0.482422
-0.017578 -0.060547 0.484375
-0.019531 -0.058594 0.484375
-0.019531 -0.058594 0.484375
-0.021484 -0.058594 0.484375
-0.021484 -0.058594 0.486328
-0.023438 -0.058594 0.486328
-0.023438 -0.058594 0.486328
-0.025391 -0.058594 0.486328
-0.025391 -0.058594 0.488281
-0.025391 -0.060547 0.486328
-0.025391 -0.060547 0.486328
-0.025391 -0.060547 0.484375
-0.025391 -0.060547 0.484375
-0.023438 -0.062500 0.484375
-0.025391 -0.060547 0.486328
-0.025391 -0.060547 0.486328
-0.025391 -0.058594 0.486328
-0.027344 -0.056641 0.486328
-0.027344 -0.056641 0.488281
-0.029297 -0.054688 0.488281
-0.029297 -0.054688 0.490234
-0.029297 -0.052734 0.490234
-0.031250 -0.052734 0.490234
-0.029297 -0.052734 0.492188
-0.029297 -0.054688 0.494141
-0.029297 -0.056641 0.494141
-0.027344 -0.056641 0.494141
-0.025391 -0.058594 0.494141
-0.025391 -0.060547 0.494141
-0.023438 -0.062500 0.494141
-0.023438 -0.062500 0.494141
-0.021484 -0.064453 0.492188
-0.023438 -0.062500 0.492188
-0.023438 -0.060547 0.490234
-0.025391 -0.058594 0.490234
-0.027344 -0.058594 0.490234
-0.027344 -0.056641 0.490234
-0.029297 -0.054688 0.490234
-0.031250 -0.052734 0.492188
-0.031250 -0.052734 0.492188
-0.031250 -0.052734 0.494141
-0.031250 -0.052734 0.492188
-0.029297 -0.054688 0.494141
-0.027344 -0.056641 0.494141
-0.027344 -0.056641 0.494141
-0.025391 -0.058594 0.492188
-0.023438 -0.060547 0.492188
-0.023438 -0.060547 0.492188
-0.021484 -0.060547 0.490234
-0.021484 -0.060547 0.490234
-0.021484 -0.058594 0.490234
-0.021484 -0.058594 0.490234
-0.021484 -0.056641 0.490234
-0.023438 -0.056641 0.492188
-0.023438 -0.056641 0.492188
-0.023438 -0.056641 0.494141
-0.023438 -0.054688 0.494141
-0.025391 -0.054688 0.494141
-0.025391 -0.054688 0.494141
-0.025391 -0.056641 0.494141
-0.025391 -0.056641 0.492188
-0.023438 -0.056641 0.492188
-0.023438 -0.056641 0.492188
-0.021484 -0.056641 0.490234
-0.021484 -0.056641 0.490234
-0.021484 -0.056641 0.488281
-0.021484 -0.056641 0.488281
-0.021484 -0.056641 0.488281
-0.021484 -0.056641 0.488281
-0.023438 -0.054688 0.488281
-0.023438 -0.056641 0.488281
-0.023438 -0.056641 0.488281
-0.023438 -0.056641 0.488281
-0.023438 -0.056641 0.488281
-0.021484 -0.058594 0.488281
-0.021484 -0.058594 0.488281
-0.021484 -0.058594 0.488281
-0.021484 -0.058594 0.486328
-0.021484 -0.058594 0.486328
-0.021484 -0.058594 0.486328
-0.021484 -0.056641 0.488281
-0.021484 -0.056641 0.486328
-0.021484 -0.056641 0.486328
-0.021484 -0.056641 0.486328
-0.023438 -0.054688 0.488281
-0.023438 -0.054688 0.488281
-0.021484 -0.054688 0.490234
-0.021484 -0.054688 0.488281
-0.021484 -0.054688 0.488281
-0.021484 -0.054688 0.488281
-0.021484 -0.052734 0.490234
-0.021484 -0.054688 0.490234
-0.021484 -0.054688 0.490234
-0.019531 -0.054688 0.488281
-0.021484 -0.054688 0.488281
-0.021484 -0.052734 0.488281
-0.021484 -0.052734 0.490234
-0.023438 -0.050781 0.490234
-0.023438 -0.052734 0.492188
-0.025391 -0.050781 0.494141
-0.025391 -0.050781 0.494141
-0.025391 -0.050781 0.496094
-0.025391 -0.050781 0.496094
-0.025391 -0.052734 0.496094
-0.025391 -0.052734 0.498047
-0.025391 -0.054688 0.498047
-0.025391 -0.054688 0.496094
-0.025391 -0.056641 0.496094
-0.025391 -0.054688 0.494141
-0.025391 -0.054688 0.494141
-0.027344 -0.054688 0.494141
-0.027344 -0.052734 0.494141
-0.027344 -0.052734 0.494141
-0.027344 -0.050781 0.494141
-0.027344 -0.050781 0.494141
-0.025391 -0.048828 0.494141
-0.025391 -0.050781 0.494141
-0.023438 -0.048828 0.494141
-0.023438 -0.048828 0.494141
-0.023438 -0.048828 0.494141
-0.023438 -0.050781 0.494141
-0.025391 -0.050781 0.494141
-0.025391 -0.050781 0.494141
-0.027344 -0.050781 0.496094
-0.027344 -0.048828 0.496094
-0.027344 -0.048828 0.498047
-0.027344 -0.050781 0.498047
-0.027344 -0.050781 0.498047
-0.027344 -0.050781 0.498047
-0.025391 -0.050781 0.496094
-0.025391 -0.050781 0.496094
-0.025391 -0.050781 0.496094
-0.025391 -0.052734 0.494141
-0.025391 -0.052734 0.494141
-0.025391 -0.052734 0.492188
-0.023438 -0.054688 0.492188
-0.023438 -0.054688 0.492188
-0.025391 -0.056641 0.492188
-0.025391 -0.056641 0.492188
-0.023438 -0.058594 0.492188
-0.023438 -0.058594 0.492188
-0.023438 -0.058594 0.492188
-0.023438 -0.058594 0.492188
-0.023438 -0.056641 0.490234
-0.025391 -0.056641 0.490234
-0.025391 -0.056641 0.488281
-0.025391 -0.056641 0.488281
-0.025391 -0.056641 0.488281
-0.025391 -0.056641 0.488281
-0.027344 -0.056641 0.486328
-0.025391 -0.056641 0.486328
-0.025391 -0.058594 0.486328
-0.025391 -0.060547 0.486328
-0.023438 -0.062500 0.486328
-0.021484 -0.064453 0.486328
-0.021484 -0.066406 0.484375
-0.019531 -0.066406 0.484375
-0.019531 -0.066406 0.484375
-0.019531 -0.066406 0.484375
-0.019531 -0.064453 0.482422
-0.021484 -0.064453 0.482422
-0.023438 -0.062500 0.482422
-0.025391 -0.060547 0.482422
-0.025391 -0.056641 0.482422
-0.027344 -0.056641 0.484375
-0.027344 -0.056641 0.484375
-0.027344 -0.056641 0.484375
-0.027344 -0.054688 0.486328
-0.025391 -0.054688 0.486328
-0.025391 -0.054688 0.486328
-0.023438 -0.056641 0.486328
-0.023438 -0.056641 0.486328
-0.023438 -0.054688 0.486328
-0.023438 -0.052734 0.486328
-0.023438 -0.052734 0.486328
-0.025391 -0.050781 0.488281
-0.027344 -0.050781 0.488281
-0.027344 -0.048828 0.488281
-0.029297 -0.048828 0.488281
-0.029297 -0.048828 0.488281
-0.029297 -0.048828 0.488281
-0.029297 -0.050781 0.486328
-0.029297 -0.050781 0.486328
-0.027344 -0.052734 0.486328
-0.027344 -0.052734 0.484375
-0.025391 -0.054688 0.484375
-0.025391 -0.054688 0.484375
-0.025391 -0.054688 0.484375
-0.025391 -0.054688 0.484375
-0.025391 -0.054688 0.486328
-0.025391 -0.054688 0.488281
-0.025391 -0.054688 0.488281
-0.025391 -0.056641 0.488281
-0.025391 -0.056641 0.486328
-0.025391 -0.056641 0.486328
-0.025391 -0.058594 0.486328
-0.027344 -0.056641 0.486328
-0.027344 -0.056641 0.484375
-0.027344 -0.058594 0.484375
-0.027344 -0.058594 0.484375
-0.027344 -0.058594 0.484375
-0.029297 -0.058594 0.486328
-0.029297 -0.056641 0.488281
-0.029297 -0.056641 0.490234
-0.029297 -0.056641 0.492188
-0.029297 -0.054688 0.492188
-0.029297 -0.056641 0.494141
-0.029297 -0.054688 0.498047
-0.031250 -0.054688 0.500000
-0.033203 -0.052734 0.500000
-0.033203 -0.052734 0.501953
-0.033203 -0.050781 0.501953
-0.035156 -0.050781 0.501953
-0.035156 -0.050781 0.501953
-0.035156 -0.050781 0.501953
-0.035156 -0.050781 0.501953
-0.033203 -0.050781 0.500000
-0.031250 -0.050781 0.498047
-0.031250 -0.052734 0.498047
-0.031250 -0.052734 0.496094
-0.029297 -0.054688 0.496094
-0.029297 -0.054688 0.494141
-0.029297 -0.056641 0.494141
-0.031250 -0.056641 0.494141
-0.031250 -0.056641 0.492188
-0.033203 -0.056641 0.492188
-0.033203 -0.056641 0.492188
-0.033203 -0.056641 0.492188
-0.033203 -0.056641 0.492188
-0.031250 -0.058594 0.490234
-0.031250 -0.058594 0.490234
-0.029297 -0.060547 0.488281
-0.029297 -0.060547 0.488281
-0.029297 -0.060547 0.488281
-0.029297 -0.060547 0.486328
-0.029297 -0.060547 0.488281
-0.029297 -0.062500 0.488281
-0.031250 -0.060547 0.486328
-0.031250 -0.060547 0.488281
-0.031250 -0.060547 0.488281
-0.033203 -0.060547 0.488281
-0.033203 -0.060547 0.486328
-0.033203 -0.060547 0.486328
-0.031250 -0.060547 0.486328
-0.031250 -0.060547 0.484375
-0.031250 -0.060547 0.484375
-0.031250 -0.060547 0.484375
-0.033203 -0.058594 0.484375
-0.033203 -0.058594 0.482422
-0.033203 -0.056641 0.484375
-0.033203 -0.056641 0.484375
-0.033203 -0.054688 0.486328
-0.033203 -0.054688 0.484375
-0.031250 -0.054688 0.486328
-0.031250 -0.054688 0.486328
-0.031250 -0.054688 0.486328
-0.031250 -0.056641 0.486328
-0.031250 -0.056641 0.486328
-0.031250 -0.056641 0.486328
-0.031250 -0.058594 0.484375
-0.031250 -0.058594 0.484375
-0.033203 -0.056641 0.486328
-0.033203 -0.056641 0.486328
-0.033203 -0.056641 0.486328
-0.033203 -0.054688 0.486328
-0.033203 -0.054688 0.484375
-0.035156 -0.052734 0.484375
-0.035156 -0.052734 0.486328
-0.035156 -0.052734 0.486328
-0.035156 -0.052734 0.484375
-0.033203 -0.052734 0.484375
-0.035156 -0.052734 0.486328
-0.035156 -0.054688 0.486328
-0.035156 -0.052734 0.486328
-0.035156 -0.054688 0.486328
-0.035156 -0.054688 0.486328
-0.035156 -0.054688 0.484375
-0.035156 -0.054688 0.484375
-0.035156 -0.054688 0.484375
-0.037109 -0.052734 0.486328
-0.037109 -0.054688 0.486328
-0.037109 -0.052734 0.486328
-0.037109 -0.054688 0.486328
-0.037109 -0.054688 0.486328
-0.039062 -0.054688 0.486328
-0.039062 -0.056641 0.486328
-0.039062 -0.056641 0.488281
-0.039062 -0.058594 0.488281
-0.037109 -0.058594 0.488281
-0.037109 -0.058594 0.488281
-0.035156 -0.060547 0.488281
-0.035156 -0.060547 0.488281
-0.035156 -0.058594 0.490234
-0.035156 -0.058594 0.490234
-0.037109 -0.058594 0.490234
-0.037109 -0.056641 0.488281
-0.037109 -0.056641 0.490234
-0.037109 -0.056641 0.490234
-0.037109 -0.056641 0.490234
-0.037109 -0.056641 0.490234
-0.035156 -0.058594 0.490234
-0.035156 -0.060547 0.490234
-0.031250 -0.062500 0.490234
-0.029297 -0.064453 0.490234
-0.027344 -0.066406 0.490234
-0.025391 -0.066406 0.490234
-0.023438 -0.068359 0.490234
-0.021484 -0.066406 0.490234
-0.023438 -0.066406 0.490234
-0.023438 -0.064453 0.488281
-0.023438 -0.064453 0.488281
-0.025391 -0.062500 0.488281
-0.027344 -0.058594 0.488281
-0.029297 -0.058594 0.488281
-0.031250 -0.056641 0.490234
-0.033203 -0.056641 0.488281
-0.035156 -0.056641 0.490234
-0.035156 -0.056641 0.490234
-0.035156 -0.058594 0.490234
-0.033203 -0.058594 0.488281
-0.033203 -0.058594 0.488281
-0.033203 -0.060547 0.488281
-0.031250 -0.060547 0.488281
-0.029297 -0.062500 0.486328
-0.029297 -0.062500 0.486328
-0.029297 -0.062500 0.486328
-0.029297 -0.062500 0.484375
-0.029297 -0.060547 0.486328
-0.029297 -0.060547 0.486328
-0.031250 -0.058594 0.486328
-0.031250 -0.058594 0.486328
-0.033203 -0.056641 0.486328
-0.033203 -0.054688 0.488281
-0.033203 -0.054688 0.488281
-0.033203 -0.052734 0.488281
-0.033203 -0.054688 0.488281
-0.031250 -0.054688 0.488281
-0.031250 -0.054688 0.486328
-0.029297 -0.056641 0.486328
-0.029297 -0.056641 0.484375
-0.027344 -0.058594 0.484375
-0.027344 -0.058594 0.484375
-0.029297 -0.056641 0.484375
-0.029297 -0.056641 0.484375
-0.031250 -0.056641 0.484375
-0.033203 -0.054688 0.484375
-0.033203 -0.054688 0.482422
-0.037109 -0.054688 0.482422
-0.037109 -0.054688 0.482422
-0.039062 -0.052734 0.482422
-0.039062 -0.052734 0.482422
-0.039062 -0.052734 0.484375
-0.037109 -0.052734 0.482422
-0.037109 -0.054688 0.480469
-0.037109 -0.054688 0.480469
-0.037109 -0.054688 0.478516
-0.037109 -0.054688 0.478516
-0.037109 -0.054688 0.478516
-0.037109 -0.056641 0.478516
-0.037109 -0.056641 0.478516
-0.037109 -0.056641 0.476562
-0.037109 -0.058594 0.476562
-0.037109 -0.056641 0.478516
-0.037109 -0.058594 0.478516
-0.035156 -0.058594 0.478516
-0.035156 -0.058594 0.478516
-0.035156 -0.058594 0.478516
-0.035156 -0.058594 0.478516
-0.035156 -0.060547 0.478516
-0.035156 -0.058594 0.478516
-0.035156 -0.058594 0.480469
-0.035156 -0.058594 0.480469
-0.035156 -0.058594 0.482422
-0.035156 -0.058594 0.482422
-0.033203 -0.058594 0.484375
-0.035156 -0.058594 0.484375
-0.033203 -0.058594 0.486328
-0.031250 -0.060547 0.488281
-0.029297 -0.060547 0.488281
-0.027344 -0.060547 0.486328
-0.027344 -0.062500 0.484375
-0.027344 -0.062500 0.482422
-0.027344 -0.060547 0.482422
-0.027344 -0.060547 0.480469
-0.025391 -0.060547 0.480469
-0.027344 -0.060547 0.478516
-0.027344 -0.060547 0.478516
-0.025391 -0.062500 0.478516
-0.023438 -0.064453 0.478516
-0.021484 -0.068359 0.478516
-0.019531 -0.068359 0.478516
-0.017578 -0.070312 0.476562
-0.013672 -0.074219 0.474609
-0.009766 -0.080078 0.474609
-0.003906 -0.083984 0.472656
-0.001953 -0.083984 0.470703
-0.003906 -0.082031 0.466797
-0.005859 -0.080078 0.462891
-0.005859 -0.080078 0.458984
-0.007812 -0.082031 0.453125
-0.009766 -0.080078 0.449219
-0.017578 -0.072266 0.439453
-0.029297 -0.066406 0.427734
-0.037109 -0.062500 0.416016
-0.042969 -0.064453 0.406250
-0.044922 -0.066406 0.390625
-0.054688 -0.066406 0.375000
-0.068359 -0.062500 0.359375
-0.080078 -0.060547 0.339844
-0.087891 -0.062500 0.320312
-0.091797 -0.060547 0.302734
-0.103516 -0.052734 0.283203
-0.123047 -0.035156 0.265625
-0.148438 -0.015625 0.246094
-0.169922 0.001953 0.228516
-0.185547 0.017578 0.207031
-0.203125 0.037109 0.185547
-0.230469 0.062500 0.162109
-0.265625 0.091797 0.142578
-0.298828 0.119141 0.121094
-0.326172 0.140625 0.103516
-0.343750 0.156250 0.080078
-0.363281 0.173828 0.056641
-0.386719 0.195312 0.035156
-0.412109 0.218750 0.017578
-0.433594 0.236328 0.001953
-0.443359 0.246094 -0.011719
-0.451172 0.250000 -0.029297
-0.457031 0.255859 -0.041016
-0.470703 0.267578 -0.052734
-0.486328 0.277344 -0.054688
-0.496094 0.285156 -0.052734
-0.500000 0.285156 -0.050781
-0.501953 0.283203 -0.048828
-0.505859 0.283203 -0.044922
-0.507812 0.281250 -0.037109
-0.509766 0.277344 -0.029297
-0.505859 0.267578 -0.023438
-0.500000 0.255859 -0.017578
-0.496094 0.244141 -0.013672
-0.490234 0.236328 -0.011719
-0.488281 0.226562 -0.009766
-0.480469 0.216797 -0.005859
-0.470703 0.207031 -0.005859
-0.460938 0.195312 -0.003906
-0.449219 0.183594 -0.003906
-0.437500 0.171875 -0.005859
-0.425781 0.162109 -0.007812
-0.412109 0.150391 -0.007812
-0.400391 0.140625 -0.011719
-0.390625 0.132812 -0.013672
-0.382812 0.125000 -0.015625
-0.378906 0.121094 -0.015625
-0.376953 0.119141 -0.015625
-0.378906 0.117188 -0.015625
-0.380859 0.119141 -0.015625
-0.382812 0.121094 -0.015625
-0.384766 0.125000 -0.015625
-0.386719 0.128906 -0.013672
-0.390625 0.136719 -0.013672
-0.396484 0.142578 -0.011719
-0.402344 0.150391 -0.009766
-0.410156 0.156250 -0.005859
-0.414062 0.164062 -0.001953
-0.419922 0.167969 0.001953
-0.425781 0.169922 0.005859
-0.431641 0.171875 0.011719
-0.439453 0.175781 0.017578
-0.443359 0.175781 0.021484
-0.445312 0.171875 0.021484
-0.441406 0.166016 0.023438
-0.433594 0.156250 0.023438
-0.427734 0.148438 0.025391
-0.419922 0.140625 0.029297
-0.410156 0.132812 0.031250
-0.402344 0.125000 0.033203
-0.392578 0.119141 0.037109
-0.382812 0.113281 0.042969
-0.376953 0.111328 0.048828
-0.375000 0.111328 0.056641
-0.373047 0.117188 0.062500
-0.373047 0.121094 0.066406
-0.375000 0.128906 0.072266
-0.378906 0.134766 0.076172
-0.382812 0.144531 0.083984
-0.388672 0.154297 0.091797
-0.396484 0.166016 0.099609
-0.402344 0.175781 0.107422
-0.406250 0.181641 0.113281
-0.408203 0.183594 0.119141
-0.406250 0.183594 0.128906
-0.406250 0.181641 0.134766
-0.408203 0.181641 0.142578
-0.408203 0.179688 0.148438
-0.404297 0.173828 0.152344
-0.398438 0.162109 0.158203
-0.394531 0.156250 0.166016
-0.394531 0.146484 0.173828
-0.394531 0.138672 0.179688
-0.394531 0.128906 0.187500
-0.388672 0.115234 0.193359
-0.380859 0.095703 0.201172
-0.369141 0.076172 0.207031
-0.359375 0.058594 0.212891
-0.349609 0.044922 0.214844
-0.335938 0.025391 0.214844
-0.312500 0.003906 0.214844
-0.287109 -0.021484 0.214844
-0.255859 -0.048828 0.214844
-0.220703 -0.076172 0.216797
-0.189453 -0.097656 0.220703
-0.160156 -0.115234 0.228516
-0.128906 -0.138672 0.238281
-0.091797 -0.162109 0.253906
-0.056641 -0.185547 0.273438
-0.027344 -0.201172 0.294922
-0.003906 -0.212891 0.316406
0.013672 -0.220703 0.335938
0.025391 -0.226562 0.357422
0.035156 -0.230469 0.375000
0.042969 -0.232422 0.392578
0.042969 -0.228516 0.408203
0.037109 -0.220703 0.423828
0.027344 -0.210938 0.433594
0.013672 -0.197266 0.441406
-0.005859 -0.183594 0.449219
-0.023438 -0.169922 0.453125
-0.041016 -0.154297 0.457031
-0.058594 -0.142578 0.460938
-0.074219 -0.128906 0.462891
-0.089844 -0.115234 0.464844
-0.103516 -0.103516 0.466797
-0.115234 -0.093750 0.466797
-0.121094 -0.087891 0.468750
-0.123047 -0.082031 0.468750
-0.123047 -0.078125 0.470703
-0.121094 -0.074219 0.468750
-0.119141 -0.072266 0.468750
-0.113281 -0.074219 0.466797
-0.105469 -0.078125 0.466797
-0.097656 -0.080078 0.466797
-0.091797 -0.083984 0.466797
-0.085938 -0.085938 0.468750
-0.082031 -0.093750 0.468750
-0.076172 -0.099609 0.470703
-0.072266 -0.107422 0.472656
-0.068359 -0.113281 0.476562
-0.066406 -0.119141 0.476562
-0.066406 -0.123047 0.476562
-0.064453 -0.128906 0.474609
-0.064453 -0.132812 0.474609
-0.062500 -0.136719 0.472656
-0.062500 -0.138672 0.472656
-0.062500 -0.140625 0.472656
-0.062500 -0.140625 0.470703
-0.062500 -0.140625 0.468750
-0.064453 -0.142578 0.468750
-0.064453 -0.142578 0.468750
-0.066406 -0.140625 0.468750
-0.068359 -0.136719 0.468750
-0.074219 -0.130859 0.466797
-0.082031 -0.123047 0.464844
-0.087891 -0.117188 0.464844
-0.091797 -0.111328 0.462891
-0.097656 -0.105469 0.464844
-0.101562 -0.099609 0.464844
-0.105469 -0.095703 0.466797
-0.107422 -0.091797 0.468750
-0.105469 -0.093750 0.468750
-0.099609 -0.099609 0.470703
-0.093750 -0.105469 0.472656
-0.089844 -0.109375 0.472656
-0.082031 -0.115234 0.472656
-0.076172 -0.119141 0.472656
-0.072266 -0.123047 0.470703
-0.066406 -0.126953 0.468750
-0.064453 -0.128906 0.466797
-0.062500 -0.130859 0.464844
-0.060547 -0.130859 0.464844
-0.062500 -0.128906 0.462891
-0.066406 -0.123047 0.464844
-0.070312 -0.119141 0.462891
-0.074219 -0.115234 0.464844
-0.078125 -0.111328 0.466797
-0.082031 -0.107422 0.466797
-0.087891 -0.103516 0.468750
-0.089844 -0.099609 0.468750
-0.093750 -0.097656 0.466797
-0.091797 -0.097656 0.466797
-0.091797 -0.099609 0.464844
-0.089844 -0.099609 0.464844
-0.087891 -0.099609 0.464844
-0.083984 -0.101562 0.462891
-0.082031 -0.103516 0.460938
-0.078125 -0.103516 0.460938
-0.078125 -0.103516 0.460938
-0.078125 -0.103516 0.462891
-0.078125 -0.103516 0.462891
-0.078125 -0.101562 0.462891
-0.080078 -0.099609 0.464844
-0.082031 -0.099609 0.464844
-0.083984 -0.097656 0.464844
-0.083984 -0.095703 0.466797
-0.085938 -0.095703 0.466797
-0.087891 -0.095703 0.466797
-0.087891 -0.097656 0.466797
-0.087891 -0.097656 0.466797
-0.085938 -0.099609 0.466797
-0.085938 -0.101562 0.466797
-0.085938 -0.103516 0.464844
-0.085938 -0.103516 0.462891
-0.085938 -0.103516 0.460938
-0.085938 -0.101562 0.460938
-0.085938 -0.101562 0.460938
-0.085938 -0.101562 0.460938
-0.087891 -0.099609 0.460938
-0.085938 -0.099609 0.460938
-0.085938 -0.101562 0.458984
-0.083984 -0.101562 0.460938
-0.083984 -0.103516 0.460938
-0.083984 -0.103516 0.460938
-0.083984 -0.105469 0.460938
-0.083984 -0.103516 0.458984
-0.083984 -0.103516 0.458984
-0.085938 -0.101562 0.458984
-0.087891 -0.101562 0.460938
-0.089844 -0.099609 0.462891
-0.089844 -0.099609 0.462891
-0.089844 -0.099609 0.464844
-0.089844 -0.099609 0.466797
-0.089844 -0.101562 0.466797
-0.087891 -0.103516 0.466797
-0.085938 -0.105469 0.466797
-0.083984 -0.107422 0.464844
-0.083984 -0.107422 0.464844
-0.083984 -0.105469 0.462891
-0.083984 -0.105469 0.462891
-0.085938 -0.103516 0.462891
-0.087891 -0.101562 0.464844
-0.089844 -0.097656 0.464844
-0.091797 -0.095703 0.466797
-0.093750 -0.091797 0.466797
-0.095703 -0.091797 0.466797
-0.095703 -0.091797 0.466797
-0.095703 -0.091797 0.466797
-0.093750 -0.093750 0.466797
-0.091797 -0.095703 0.466797
-0.089844 -0.097656 0.464844
-0.087891 -0.099609 0.464844
-0.085938 -0.101562 0.464844
-0.083984 -0.101562 0.466797
-0.085938 -0.101562 0.464844
-0.085938 -0.101562 0.466797
-0.085938 -0.099609 0.464844
-0.087891 -0.099609 0.466797
-0.087891 -0.097656 0.466797
-0.089844 -0.095703 0.468750
-0.091797 -0.093750 0.470703
-0.093750 -0.089844 0.470703
-0.095703 -0.089844 0.470703
-0.095703 -0.089844 0.472656
-0.095703 -0.091797 0.472656
-0.095703 -0.091797 0.472656
-0.095703 -0.093750 0.472656
-0.095703 -0.093750 0.470703
-0.091797 -0.095703 0.468750
-0.089844 -0.095703 0.468750
-0.087891 -0.097656 0.466797
-0.085938 -0.097656 0.464844
-0.085938 -0.095703 0.464844
-0.085938 -0.093750 0.464844
-0.085938 -0.093750 0.464844
-0.087891 -0.091797 0.466797
-0.089844 -0.089844 0.466797
-0.091797 -0.087891 0.468750
-0.093750 -0.087891 0.470703
-0.095703 -0.087891 0.470703
-0.095703 -0.089844 0.470703
-0.095703 -0.091797 0.470703
-0.095703 -0.091797 0.470703
-0.095703 -0.093750 0.470703
-0.095703 -0.095703 0.468750
-0.093750 -0.095703 0.468750
-0.093750 -0.095703 0.466797
-0.093750 -0.095703 0.466797
-0.093750 -0.095703 0.464844
-0.093750 -0.093750 0.464844
-0.093750 -0.093750 0.464844
-0.093750 -0.091797 0.464844
-0.093750 -0.089844 0.462891
-0.093750 -0.089844 0.462891
-0.093750 -0.089844 0.462891
-0.093750 -0.089844 0.462891
-0.093750 -0.087891 0.462891
-0.095703 -0.085938 0.462891
-0.095703 -0.085938 0.462891
-0.095703 -0.085938 0.464844
-0.095703 -0.085938 0.464844
-0.097656 -0.085938 0.464844
-0.097656 -0.083984 0.464844
-0.099609 -0.083984 0.466797
-0.099609 -0.085938 0.466797
-0.099609 -0.087891 0.466797
-0.097656 -0.089844 0.466797
-0.095703 -0.091797 0.464844
-0.095703 -0.093750 0.464844
-0.093750 -0.095703 0.464844
-0.093750 -0.095703 0.462891
-0.093750 -0.095703 0.462891
-0.093750 -0.095703 0.460938
-0.091797 -0.093750 0.460938
-0.093750 -0.093750 0.460938
-0.093750 -0.091797 0.460938
-0.095703 -0.089844 0.460938
-0.095703 -0.087891 0.460938
-0.095703 -0.087891 0.460938
-0.093750 -0.087891 0.458984
-0.093750 -0.087891 0.458984
-0.093750 -0.089844 0.460938
-0.093750 -0.089844 0.458984
-0.093750 -0.089844 0.458984
-0.091797 -0.089844 0.458984
-0.091797 -0.091797 0.458984
-0.091797 -0.091797 0.458984
-0.091797 -0.091797 0.460938
-0.091797 -0.089844 0.460938
-0.091797 -0.089844 0.462891
-0.091797 -0.087891 0.462891
-0.091797 -0.087891 0.462891
-0.091797 -0.087891 0.464844
-0.091797 -0.087891 0.464844
-0.091797 -0.087891 0.464844
-0.091797 -0.087891 0.466797
-0.091797 -0.087891 0.466797
-0.091797 -0.087891 0.466797
-0.093750 -0.087891 0.466797
-0.093750 -0.085938 0.464844
-0.095703 -0.085938 0.466797
-0.097656 -0.083984 0.466797
-0.099609 -0.082031 0.464844
-0.099609 -0.080078 0.464844
-0.101562 -0.080078 0.464844
-0.101562 -0.078125 0.462891
-0.101562 -0.078125 0.462891
-0.101562 -0.078125 0.460938
-0.101562 -0.078125 0.457031
-0.099609 -0.078125 0.457031
-0.099609 -0.080078 0.457031
-0.095703 -0.080078 0.457031
-0.095703 -0.080078 0.457031
-0.093750 -0.082031 0.458984
-0.093750 -0.082031 0.460938
-0.091797 -0.083984 0.462891
-0.089844 -0.083984 0.464844
-0.089844 -0.083984 0.466797
-0.089844 -0.083984 0.468750
-0.089844 -0.083984 0.468750
-0.089844 -0.087891 0.468750
-0.087891 -0.087891 0.468750
-0.085938 -0.089844 0.468750
-0.085938 -0.091797 0.466797
-0.087891 -0.089844 0.466797
-0.089844 -0.087891 0.466797
-0.089844 -0.087891 0.466797
-0.089844 -0.087891 0.466797
-0.091797 -0.085938 0.466797
-0.095703 -0.082031 0.466797
-0.097656 -0.080078 0.464844
-0.101562 -0.078125 0.462891
-0.101562 -0.078125 0.462891
-0.101562 -0.078125 0.460938
-0.099609 -0.080078 0.460938
-0.099609 -0.080078 0.458984
-0.097656 -0.080078 0.457031
-0.095703 -0.080078 0.457031
-0.093750 -0.080078 0.455078
-0.091797 -0.082031 0.457031
-0.087891 -0.082031 0.457031
-0.087891 -0.080078 0.458984
-0.087891 -0.076172 0.458984
-0.087891 -0.074219 0.460938
-0.089844 -0.074219 0.460938
-0.089844 -0.072266 0.462891
-0.093750 -0.068359 0.464844
-0.097656 -0.062500 0.466797
-0.103516 -0.056641 0.464844
-0.109375 -0.050781 0.462891
-0.115234 -0.046875 0.460938
-0.121094 -0.041016 0.457031
-0.126953 -0.035156 0.455078
-0.132812 -0.027344 0.451172
-0.140625 -0.021484 0.445312
-0.144531 -0.017578 0.441406
-0.148438 -0.013672 0.435547
-0.150391 -0.011719 0.431641
-0.152344 -0.007812 0.429688
-0.152344 -0.005859 0.427734
-0.154297 -0.001953 0.425781
-0.156250 0.000000 0.423828
-0.154297 0.001953 0.421875
-0.152344 0.000000 0.419922
-0.148438 0.000000 0.416016
-0.148438 0.001953 0.414062
-0.152344 0.005859 0.408203
-0.158203 0.007812 0.402344
-0.160156 0.007812 0.396484
-0.162109 0.007812 0.388672
-0.166016 0.011719 0.380859
-0.175781 0.019531 0.371094
-0.189453 0.029297 0.363281
-0.201172 0.041016 0.353516
-0.210938 0.048828 0.343750
-0.218750 0.056641 0.335938
-0.228516 0.066406 0.322266
-0.240234 0.080078 0.310547
-0.251953 0.091797 0.298828
-0.263672 0.103516 0.289062
-0.271484 0.111328 0.279297
-0.279297 0.121094 0.267578
-0.289062 0.130859 0.259766
-0.300781 0.140625 0.251953
-0.310547 0.148438 0.246094
-0.316406 0.152344 0.242188
-0.318359 0.152344 0.236328
-0.322266 0.154297 0.228516
-0.326172 0.156250 0.222656
-0.332031 0.162109 0.216797
-0.337891 0.164062 0.210938
-0.339844 0.166016 0.205078
-0.341797 0.169922 0.195312
-0.349609 0.175781 0.183594
-0.361328 0.185547 0.177734
-0.371094 0.193359 0.171875
-0.376953 0.197266 0.167969
-0.380859 0.199219 0.162109
-0.382812 0.199219 0.154297
-0.386719 0.201172 0.150391
-0.388672 0.203125 0.148438
-0.388672 0.203125 0.144531
-0.388672 0.201172 0.142578
-0.386719 0.199219 0.138672
-0.384766 0.201172 0.136719
-0.384766 0.203125 0.134766
-0.384766 0.201172 0.132812
-0.380859 0.197266 0.132812
-0.376953 0.189453 0.132812
-0.371094 0.183594 0.132812
-0.367188 0.173828 0.132812
-0.361328 0.166016 0.130859
-0.355469 0.158203 0.130859
-0.351562 0.150391 0.128906
-0.347656 0.146484 0.125000
-0.347656 0.146484 0.119141
-0.349609 0.148438 0.115234
-0.353516 0.150391 0.109375
-0.357422 0.154297 0.103516
-0.361328 0.160156 0.097656
-0.367188 0.166016 0.089844
-0.373047 0.169922 0.083984
-0.376953 0.171875 0.078125
-0.380859 0.171875 0.074219
-0.382812 0.171875 0.070312
-0.384766 0.171875 0.070312
-0.386719 0.171875 0.068359
-0.386719 0.169922 0.068359
-0.386719 0.167969 0.068359
-0.382812 0.164062 0.068359
-0.380859 0.162109 0.070312
-0.378906 0.158203 0.070312
-0.373047 0.154297 0.068359
-0.369141 0.148438 0.068359
-0.365234 0.144531 0.064453
-0.361328 0.142578 0.064453
-0.359375 0.140625 0.062500
-0.357422 0.138672 0.060547
-0.355469 0.136719 0.058594
-0.353516 0.136719 0.056641
-0.355469 0.138672 0.052734
-0.357422 0.140625 0.050781
-0.361328 0.144531 0.048828
-0.363281 0.148438 0.044922
-0.367188 0.148438 0.042969
-0.369141 0.150391 0.042969
-0.373047 0.152344 0.041016
-0.375000 0.154297 0.041016
-0.376953 0.152344 0.041016
-0.378906 0.152344 0.042969
-0.378906 0.150391 0.044922
-0.376953 0.148438 0.046875
-0.375000 0.146484 0.046875
-0.373047 0.142578 0.046875
-0.369141 0.140625 0.044922
-0.367188 0.138672 0.044922
-0.363281 0.136719 0.044922
-0.361328 0.134766 0.044922
-0.361328 0.134766 0.044922
-0.361328 0.132812 0.042969
-0.361328 0.132812 0.041016
-0.363281 0.134766 0.041016
-0.367188 0.136719 0.041016
-0.369141 0.136719 0.041016
-0.373047 0.138672 0.039062
-0.376953 0.142578 0.037109
-0.380859 0.146484 0.037109
-0.382812 0.148438 0.037109
-0.384766 0.152344 0.037109
-0.386719 0.154297 0.037109
-0.386719 0.154297 0.035156
-0.388672 0.154297 0.037109
-0.388672 0.154297 0.037109
-0.388672 0.156250 0.037109
-0.386719 0.154297 0.039062
-0.384766 0.150391 0.041016
-0.378906 0.144531 0.041016
-0.375000 0.140625 0.041016
-0.371094 0.136719 0.041016
-0.367188 0.132812 0.044922
-0.363281 0.130859 0.044922
-0.361328 0.126953 0.046875
-0.357422 0.125000 0.046875
-0.355469 0.123047 0.046875
-0.357422 0.125000 0.044922
-0.361328 0.128906 0.042969
-0.365234 0.130859 0.042969
-0.369141 0.134766 0.039062
-0.371094 0.138672 0.037109
-0.376953 0.142578 0.035156
-0.380859 0.146484 0.035156
-0.384766 0.148438 0.035156
-0.386719 0.150391 0.037109
-0.386719 0.152344 0.037109
-0.386719 0.150391 0.039062
-0.386719 0.150391 0.042969
-0.384766 0.148438 0.042969
-0.380859 0.144531 0.042969
-0.375000 0.140625 0.042969
-0.371094 0.136719 0.042969
-0.367188 0.134766 0.044922
-0.365234 0.130859 0.044922
-0.361328 0.128906 0.044922
-0.359375 0.126953 0.044922
-0.359375 0.125000 0.042969
-0.357422 0.126953 0.042969
-0.359375 0.126953 0.042969
-0.361328 0.130859 0.042969
-0.365234 0.134766 0.041016
-0.369141 0.138672 0.041016
-0.371094 0.142578 0.039062
-0.375000 0.144531 0.039062
-0.376953 0.146484 0.039062
-0.378906 0.148438 0.039062
-0.380859 0.148438 0.039062
-0.380859 0.148438 0.041016
-0.378906 0.148438 0.041016
-0.376953 0.146484 0.041016
-0.375000 0.144531 0.041016
-0.373047 0.142578 0.041016
-0.373047 0.142578 0.041016
-0.371094 0.140625 0.041016
-0.369141 0.140625 0.041016
-0.369141 0.140625 0.041016
-0.371094 0.140625 0.039062
-0.371094 0.140625 0.039062
-0.369141 0.140625 0.039062
-0.369141 0.140625 0.039062
-0.369141 0.142578 0.039062
-0.369141 0.142578 0.039062
-0.367188 0.142578 0.037109
-0.367188 0.142578 0.039062
-0.367188 0.142578 0.039062
-0.369141 0.142578 0.041016
-0.369141 0.144531 0.042969
-0.371094 0.142578 0.042969
-0.371094 0.142578 0.042969
-0.371094 0.142578 0.042969
-0.373047 0.142578 0.044922
-0.373047 0.144531 0.044922
-0.373047 0.142578 0.044922
-0.373047 0.142578 0.042969
-0.371094 0.140625 0.042969
-0.369141 0.140625 0.041016
-0.369141 0.138672 0.041016
-0.369141 0.138672 0.041016
-0.367188 0.138672 0.041016
-0.367188 0.136719 0.039062
-0.367188 0.136719 0.039062
-0.367188 0.136719 0.039062
-0.367188 0.136719 0.039062
-0.369141 0.138672 0.041016
-0.369141 0.140625 0.041016
-0.369141 0.140625 0.041016
-0.371094 0.140625 0.041016
-0.371094 0.142578 0.041016
-0.371094 0.144531 0.042969
-0.371094 0.144531 0.042969
-0.371094 0.146484 0.042969
-0.371094 0.144531 0.042969
-0.371094 0.144531 0.044922
-0.369141 0.142578 0.044922
-0.369141 0.142578 0.046875
-0.367188 0.140625 0.048828
-0.367188 0.138672 0.048828
-0.365234 0.138672 0.048828
-0.365234 0.136719 0.048828
-0.365234 0.136719 0.048828
-0.365234 0.136719 0.048828
-0.365234 0.136719 0.048828
-0.365234 0.136719 0.046875
-0.365234 0.138672 0.046875
-0.367188 0.140625 0.046875
-0.369141 0.142578 0.046875
-0.371094 0.142578 0.046875
-0.371094 0.142578 0.046875
-0.373047 0.144531 0.046875
-0.373047 0.144531 0.046875
-0.373047 0.144531 0.046875
-0.375000 0.144531 0.046875
-0.373047 0.144531 0.046875
-0.373047 0.142578 0.044922
-0.371094 0.142578 0.044922
-0.371094 0.142578 0.044922
-0.371094 0.142578 0.046875
-0.371094 0.142578 0.044922
-0.371094 0.142578 0.044922
-0.371094 0.142578 0.044922
-0.369141 0.142578 0.042969
-0.371094 0.142578 0.044922
-0.371094 0.142578 0.042969
-0.371094 0.144531 0.044922
-0.371094 0.142578 0.044922
-0.371094 0.142578 0.042969
-0.373047 0.142578 0.044922
-0.371094 0.142578 0.044922
-0.371094 0.142578 0.046875
-0.373047 0.142578 0.046875
-0.371094 0.142578 0.046875
-0.371094 0.142578 0.046875
-0.371094 0.140625 0.044922
-0.371094 0.140625 0.046875
-0.371094 0.140625 0.044922
-0.371094 0.138672 0.044922
-0.371094 0.138672 0.042969
-0.371094 0.138672 0.042969
-0.371094 0.140625 0.042969
-0.371094 0.140625 0.042969
-0.373047 0.140625 0.041016
-0.373047 0.142578 0.041016
-0.373047 0.142578 0.042969
-0.373047 0.142578 0.042969
-0.373047 0.144531 0.041016
-0.373047 0.142578 0.041016
-0.371094 0.142578 0.041016
-0.371094 0.140625 0.041016
-0.369141 0.140625 0.041016
-0.367188 0.138672 0.042969
-0.367188 0.138672 0.041016
-0.367188 0.138672 0.042969
-0.367188 0.138672 0.042969
-0.369141 0.138672 0.044922
-0.371094 0.140625 0.046875
-0.373047 0.142578 0.046875
-0.375000 0.144531 0.048828
-0.376953 0.148438 0.050781
-0.378906 0.148438 0.052734
-0.380859 0.150391 0.054688
-0.380859 0.152344 0.054688
-0.382812 0.152344 0.056641
-0.382812 0.154297 0.056641
-0.382812 0.154297 0.056641
-0.382812 0.154297 0.056641
-0.382812 0.154297 0.056641
-0.382812 0.154297 0.056641
-0.382812 0.154297 0.056641
-0.382812 0.154297 0.056641
-0.384766 0.156250 0.058594
-0.386719 0.158203 0.060547
-0.388672 0.160156 0.062500
-0.390625 0.162109 0.064453
-0.392578 0.162109 0.068359
-0.392578 0.162109 0.070312
-0.390625 0.160156 0.074219
-0.386719 0.156250 0.078125
-0.380859 0.152344 0.080078
-0.375000 0.146484 0.082031
-0.369141 0.142578 0.085938
-0.361328 0.136719 0.089844
-0.357422 0.132812 0.091797
-0.355469 0.136719 0.095703
-0.363281 0.144531 0.097656
-0.371094 0.154297 0.101562
-0.378906 0.164062 0.107422
-0.388672 0.173828 0.109375
-0.400391 0.183594 0.111328
-0.410156 0.193359 0.113281
-0.419922 0.203125 0.117188
-0.425781 0.207031 0.121094
-0.423828 0.207031 0.126953
-0.419922 0.201172 0.130859
-0.414062 0.197266 0.136719
-0.408203 0.191406 0.142578
-0.400391 0.187500 0.152344
-0.392578 0.185547 0.160156
-0.390625 0.187500 0.164062
-0.394531 0.191406 0.167969
-0.396484 0.197266 0.171875
-0.394531 0.199219 0.175781
-0.392578 0.199219 0.177734
-0.392578 0.203125 0.179688
-0.392578 0.205078 0.181641
-0.392578 0.205078 0.183594
-0.386719 0.199219 0.187500
-0.373047 0.183594 0.195312
-0.353516 0.167969 0.203125
-0.337891 0.154297 0.212891
-0.328125 0.144531 0.220703
-0.316406 0.130859 0.230469
-0.298828 0.115234 0.242188
-0.281250 0.095703 0.255859
-0.261719 0.078125 0.267578
-0.248047 0.068359 0.283203
-0.238281 0.062500 0.294922
-0.230469 0.052734 0.304688
-0.214844 0.039062 0.316406
-0.195312 0.023438 0.328125
-0.175781 0.005859 0.339844
-0.156250 -0.007812 0.349609
-0.142578 -0.017578 0.359375
-0.130859 -0.025391 0.367188
-0.119141 -0.037109 0.373047
-0.103516 -0.050781 0.384766
-0.087891 -0.064453 0.394531
-0.076172 -0.074219 0.404297
-0.068359 -0.082031 0.412109
-0.062500 -0.085938 0.421875
-0.060547 -0.087891 0.427734
-0.056641 -0.091797 0.433594
-0.050781 -0.097656 0.441406
-0.042969 -0.103516 0.447266
-0.037109 -0.107422 0.453125
-0.037109 -0.107422 0.457031
-0.039062 -0.103516 0.457031
-0.041016 -0.101562 0.458984
-0.042969 -0.101562 0.458984
-0.042969 -0.101562 0.458984
-0.041016 -0.103516 0.460938
-0.041016 -0.101562 0.462891
-0.042969 -0.099609 0.464844
-0.044922 -0.097656 0.464844
-0.048828 -0.095703 0.464844
-0.048828 -0.095703 0.466797
-0.048828 -0.093750 0.466797
-0.048828 -0.091797 0.468750
-0.050781 -0.089844 0.468750
-0.054688 -0.085938 0.466797
-0.058594 -0.082031 0.464844
-0.060547 -0.080078 0.464844
-0.062500 -0.078125 0.462891
-0.062500 -0.078125 0.464844
-0.062500 -0.078125 0.464844
-0.062500 -0.078125 0.464844
-0.060547 -0.080078 0.464844
-0.056641 -0.083984 0.466797
-0.052734 -0.087891 0.466797
-0.048828 -0.091797 0.468750
-0.044922 -0.093750 0.470703
-0.044922 -0.095703 0.470703
-0.046875 -0.093750 0.470703
-0.048828 -0.091797 0.472656
-0.050781 -0.089844 0.472656
-0.054688 -0.087891 0.472656
-0.058594 -0.083984 0.472656
-0.062500 -0.082031 0.472656
-0.064453 -0.078125 0.472656
-0.066406 -0.078125 0.472656
-0.064453 -0.080078 0.472656
-0.064453 -0.078125 0.472656
-0.066406 -0.078125 0.470703
-0.064453 -0.078125 0.472656
-0.064453 -0.076172 0.472656
-0.062500 -0.076172 0.474609
-0.062500 -0.076172 0.474609
-0.060547 -0.076172 0.474609
-0.060547 -0.076172 0.474609
-0.058594 -0.078125 0.474609
-0.054688 -0.080078 0.476562
-0.052734 -0.082031 0.476562
-0.048828 -0.083984 0.476562
-0.046875 -0.085938 0.476562
-0.044922 -0.087891 0.478516
-0.044922 -0.089844 0.478516
-0.044922 -0.091797 0.480469
-0.042969 -0.091797 0.480469
-0.044922 -0.089844 0.482422
-0.044922 -0.089844 0.482422
-0.046875 -0.085938 0.482422
-0.048828 -0.082031 0.482422
-0.052734 -0.078125 0.480469
-0.054688 -0.076172 0.480469
-0.056641 -0.072266 0.480469
-0.058594 -0.068359 0.478516
-0.060547 -0.066406 0.478516
-0.064453 -0.064453 0.482422
-0.066406 -0.064453 0.482422
-0.066406 -0.064453 0.484375
-0.066406 -0.066406 0.484375
-0.064453 -0.068359 0.486328
-0.064453 -0.068359 0.486328
-0.062500 -0.072266 0.486328
-0.062500 -0.074219 0.486328
-0.060547 -0.076172 0.484375
-0.056641 -0.078125 0.482422
-0.054688 -0.080078 0.482422
-0.052734 -0.082031 0.480469
-0.052734 -0.082031 0.478516
-0.050781 -0.082031 0.478516
-0.050781 -0.082031 0.478516
-0.050781 -0.080078 0.476562
-0.050781 -0.080078 0.476562
-0.050781 -0.080078 0.474609
-0.048828 -0.080078 0.474609
-0.048828 -0.080078 0.474609
-0.048828 -0.080078 0.476562
-0.048828 -0.080078 0.474609
-0.048828 -0.080078 0.474609
-0.050781 -0.080078 0.474609
-0.052734 -0.076172 0.476562
-0.056641 -0.072266 0.476562
-0.062500 -0.068359 0.476562
-0.068359 -0.062500 0.476562
-0.074219 -0.056641 0.478516
-0.080078 -0.050781 0.478516
-0.085938 -0.044922 0.478516
-0.091797 -0.039062 0.480469
-0.093750 -0.037109 0.478516
-0.097656 -0.035156 0.480469
-0.097656 -0.033203 0.480469
-0.095703 -0.035156 0.480469
-0.093750 -0.037109 0.480469
-0.089844 -0.041016 0.478516
-0.085938 -0.042969 0.476562
-0.082031 -0.046875 0.478516
-0.078125 -0.050781 0.478516
-0.074219 -0.052734 0.478516
-0.070312 -0.056641 0.478516
-0.066406 -0.058594 0.478516
-0.064453 -0.058594 0.480469
-0.062500 -0.060547 0.480469
-0.060547 -0.060547 0.480469
-0.060547 -0.060547 0.482422
-0.060547 -0.058594 0.482422
-0.060547 -0.056641 0.484375
-0.062500 -0.054688 0.486328
-0.062500 -0.052734 0.486328
-0.064453 -0.052734 0.486328
-0.064453 -0.050781 0.486328
-0.068359 -0.046875 0.486328
-0.068359 -0.044922 0.486328
-0.070312 -0.044922 0.486328
-0.070312 -0.044922 0.486328
-0.070312 -0.044922 0.486328
-0.070312 -0.044922 0.486328
-0.070312 -0.044922 0.484375
-0.070312 -0.044922 0.484375
-0.070312 -0.046875 0.484375
-0.068359 -0.048828 0.482422
-0.066406 -0.050781 0.480469
-0.064453 -0.050781 0.480469
-0.064453 -0.052734 0.478516
-0.062500 -0.054688 0.476562
-0.062500 -0.056641 0.476562
-0.062500 -0.056641 0.476562
-0.062500 -0.056641 0.474609
-0.064453 -0.056641 0.472656
-0.064453 -0.054688 0.472656
-0.066406 -0.054688 0.472656
-0.066406 -0.050781 0.472656
-0.068359 -0.048828 0.472656
-0.068359 -0.046875 0.472656
-0.070312 -0.044922 0.472656
-0.070312 -0.042969 0.472656
-0.070312 -0.042969 0.472656
-0.070312 -0.041016 0.474609
-0.070312 -0.042969 0.474609
-0.068359 -0.042969 0.474609
-0.068359 -0.044922 0.474609
-0.066406 -0.046875 0.474609
-0.066406 -0.048828 0.474609
-0.064453 -0.050781 0.474609
-0.062500 -0.052734 0.474609
-0.062500 -0.054688 0.474609
-0.062500 -0.056641 0.474609
-0.062500 -0.056641 0.474609
-0.062500 -0.056641 0.476562
-0.062500 -0.058594 0.476562
-0.064453 -0.056641 0.476562
-0.066406 -0.054688 0.476562
-0.068359 -0.052734 0.474609
-0.070312 -0.050781 0.476562
-0.072266 -0.046875 0.474609
-0.074219 -0.044922 0.476562
-0.076172 -0.042969 0.476562
-0.078125 -0.041016 0.476562
-0.078125 -0.041016 0.476562
-0.078125 -0.039062 0.476562
-0.078125 -0.039062 0.476562
-0.078125 -0.041016 0.478516
-0.078125 -0.041016 0.478516
-0.076172 -0.042969 0.480469
-0.076172 -0.044922 0.480469
-0.074219 -0.044922 0.480469
-0.074219 -0.046875 0.480469
-0.072266 -0.046875 0.482422
-0.072266 -0.048828 0.484375
-0.070312 -0.048828 0.484375
-0.070312 -0.050781 0.484375
-0.070312 -0.050781 0.484375
-0.068359 -0.050781 0.482422
-0.068359 -0.050781 0.484375
-0.068359 -0.050781 0.484375
-0.068359 -0.050781 0.484375
-0.068359 -0.048828 0.484375
-0.070312 -0.048828 0.484375
-0.072266 -0.048828 0.484375
-0.072266 -0.046875 0.484375
-0.074219 -0.044922 0.484375
-0.074219 -0.042969 0.482422
-0.074219 -0.042969 0.482422
-0.074219 -0.042969 0.480469
-0.076172 -0.042969 0.482422
-0.074219 -0.042969 0.480469
-0.074219 -0.042969 0.480469
-0.074219 -0.042969 0.478516
-0.072266 -0.042969 0.480469
-0.072266 -0.044922 0.480469
-0.070312 -0.044922 0.480469
-0.070312 -0.044922 0.480469
-0.070312 -0.044922 0.480469
-0.070312 -0.042969 0.480469
-0.072266 -0.042969 0.480469
-0.072266 -0.042969 0.480469
-0.074219 -0.042969 0.480469
-0.076172 -0.042969 0.480469
-0.076172 -0.042969 0.480469
-0.078125 -0.042969 0.480469
-0.076172 -0.042969 0.480469
-0.076172 -0.044922 0.480469
-0.076172 -0.044922 0.478516
-0.074219 -0.046875 0.478516
-0.072266 -0.046875 0.478516
-0.072266 -0.046875 0.478516
-0.072266 -0.044922 0.478516
-0.072266 -0.044922 0.476562
-0.072266 -0.042969 0.476562
-0.072266 -0.042969 0.476562
-0.072266 -0.041016 0.474609
-0.072266 -0.042969 0.474609
-0.074219 -0.041016 0.476562
-0.074219 -0.041016 0.474609
-0.074219 -0.041016 0.476562
-0.074219 -0.041016 0.474609
-0.074219 -0.042969 0.474609
-0.074219 -0.044922 0.474609
-0.074219 -0.044922 0.474609
-0.072266 -0.044922 0.474609
-0.072266 -0.044922 0.472656
-0.072266 -0.044922 0.472656
-0.072266 -0.044922 0.472656
-0.072266 -0.044922 0.472656
-0.074219 -0.044922 0.472656
-0.074219 -0.044922 0.472656
-0.074219 -0.042969 0.472656
-0.076172 -0.042969 0.474609
-0.076172 -0.042969 0.476562
-0.076172 -0.042969 0.476562
-0.076172 -0.041016 0.476562
-0.074219 -0.041016 0.476562
-0.074219 -0.041016 0.476562
-0.074219 -0.041016 0.476562
-0.072266 -0.041016 0.478516
-0.072266 -0.041016 0.478516
-0.072266 -0.042969 0.478516
-0.070312 -0.042969 0.478516
-0.072266 -0.044922 0.478516
-0.072266 -0.044922 0.480469
-0.072266 -0.044922 0.480469
-0.074219 -0.042969 0.478516
-0.074219 -0.044922 0.478516
-0.074219 -0.044922 0.480469
-0.074219 -0.044922 0.480469
-0.074219 -0.044922 0.478516
-0.076172 -0.042969 0.478516
-0.076172 -0.042969 0.478516
-0.076172 -0.042969 0.476562
-0.074219 -0.042969 0.476562
-0.074219 -0.042969 0.474609
-0.074219 -0.042969 0.474609
-0.072266 -0.044922 0.474609
-0.072266 -0.044922 0.474609
-0.072266 -0.044922 0.474609
-0.072266 -0.044922 0.474609
-0.074219 -0.044922 0.476562
-0.076172 -0.044922 0.476562
-0.078125 -0.044922 0.478516
-0.080078 -0.042969 0.478516
-0.080078 -0.042969 0.476562
-0.082031 -0.042969 0.476562
-0.082031 -0.041016 0.476562
-0.082031 -0.041016 0.476562
-0.082031 -0.041016 0.474609
-0.080078 -0.041016 0.474609
-0.078125 -0.042969 0.474609
-0.076172 -0.042969 0.472656
-0.074219 -0.042969 0.472656
-0.074219 -0.042969 0.472656
-0.074219 -0.042969 0.472656
-0.074219 -0.042969 0.474609
-0.076172 -0.042969 0.474609
-0.076172 -0.041016 0.474609
-0.076172 -0.041016 0.476562
-0.078125 -0.041016 0.476562
-0.078125 -0.041016 0.478516
-0.078125 -0.041016 0.478516
-0.076172 -0.041016 0.478516
-0.076172 -0.042969 0.478516
-0.074219 -0.042969 0.478516
-0.074219 -0.042969 0.478516
-0.074219 -0.044922 0.478516
-0.074219 -0.042969 0.478516
-0.074219 -0.042969 0.476562
-0.076172 -0.042969 0.476562
-0.076172 -0.042969 0.476562
-0.078125 -0.041016 0.476562
-0.078125 -0.041016 0.476562
-0.080078 -0.041016 0.476562
-0.080078 -0.041016 0.476562
-0.082031 -0.039062 0.474609
-0.082031 -0.039062 0.476562
-0.082031 -0.037109 0.476562
-0.080078 -0.037109 0.476562
-0.080078 -0.037109 0.476562
-0.080078 -0.037109 0.476562
-0.078125 -0.039062 0.476562
-0.076172 -0.039062 0.476562
-0.076172 -0.039062 0.476562
-0.076172 -0.041016 0.476562
-0.076172 -0.041016 0.476562
-0.074219 -0.042969 0.476562
-0.076172 -0.042969 0.476562
-0.074219 -0.044922 0.474609
-0.076172 -0.044922 0.474609
-0.076172 -0.042969 0.476562
-0.076172 -0.042969 0.474609
-0.076172 -0.042969 0.474609
-0.076172 -0.042969 0.474609
-0.078125 -0.042969 0.476562
-0.078125 -0.041016 0.474609
-0.080078 -0.039062 0.476562
-0.080078 -0.037109 0.476562
-0.082031 -0.037109 0.476562
-0.082031 -0.037109 0.476562
-0.080078 -0.037109 0.476562
-0.080078 -0.037109 0.476562
-0.080078 -0.037109 0.474609
-0.080078 -0.037109 0.474609
-0.078125 -0.039062 0.472656
-0.078125 -0.039062 0.472656
-0.078125 -0.039062 0.470703
-0.078125 -0.037109 0.470703
-0.078125 -0.037109 0.468750
-0.078125 -0.037109 0.466797
-0.080078 -0.035156 0.464844
-0.080078 -0.035156 0.464844
-0.080078 -0.033203 0.466797
-0.082031 -0.033203 0.466797
-0.082031 -0.035156 0.468750
-0.080078 -0.035156 0.468750
-0.078125 -0.037109 0.470703
-0.076172 -0.037109 0.472656
-0.074219 -0.041016 0.476562
-0.072266 -0.042969 0.478516
-0.070312 -0.044922 0.478516
-0.068359 -0.048828 0.480469
-0.066406 -0.050781 0.480469
-0.064453 -0.052734 0.480469
-0.064453 -0.052734 0.480469
-0.064453 -0.052734 0.480469
-0.064453 -0.052734 0.478516
-0.068359 -0.052734 0.478516
-0.070312 -0.050781 0.476562
-0.074219 -0.046875 0.476562
-0.078125 -0.042969 0.474609
-0.080078 -0.041016 0.474609
-0.083984 -0.039062 0.474609
-0.085938 -0.037109 0.474609
-0.087891 -0.035156 0.476562
-0.087891 -0.035156 0.476562
-0.087891 -0.035156 0.476562
-0.083984 -0.037109 0.476562
-0.082031 -0.041016 0.476562
-0.078125 -0.042969 0.476562
-0.076172 -0.044922 0.476562
-0.074219 -0.046875 0.478516
-0.070312 -0.050781 0.478516
-0.068359 -0.050781 0.478516
-0.068359 -0.050781 0.478516
-0.068359 -0.050781 0.478516
-0.068359 -0.048828 0.478516
-0.070312 -0.046875 0.478516
-0.072266 -0.046875 0.478516
-0.074219 -0.044922 0.478516
-0.076172 -0.042969 0.478516
-0.078125 -0.041016 0.478516
-0.078125 -0.041016 0.478516
-0.080078 -0.039062 0.476562
-0.082031 -0.037109 0.476562
-0.082031 -0.037109 0.476562
-0.082031 -0.037109 0.476562
-0.082031 -0.035156 0.476562
-0.082031 -0.035156 0.474609
-0.082031 -0.035156 0.472656
-0.082031 -0.033203 0.472656
-0.080078 -0.033203 0.472656
-0.080078 -0.033203 0.470703
-0.082031 -0.031250 0.466797
-0.083984 -0.029297 0.466797
-0.087891 -0.025391 0.464844
-0.089844 -0.023438 0.464844
-0.093750 -0.019531 0.464844
-0.095703 -0.017578 0.464844
-0.097656 -0.015625 0.462891
-0.097656 -0.013672 0.464844
-0.097656 -0.015625 0.466797
-0.097656 -0.015625 0.468750
-0.093750 -0.017578 0.468750
-0.089844 -0.021484 0.470703
-0.085938 -0.025391 0.472656
-0.082031 -0.029297 0.472656
-0.076172 -0.033203 0.474609
-0.074219 -0.037109 0.476562
-0.070312 -0.039062 0.476562
-0.066406 -0.042969 0.478516
-0.064453 -0.042969 0.480469
-0.064453 -0.044922 0.478516
-0.064453 -0.046875 0.478516
-0.064453 -0.046875 0.478516
-0.066406 -0.044922 0.478516
-0.066406 -0.042969 0.476562
-0.068359 -0.042969 0.476562
-0.070312 -0.042969 0.474609
-0.074219 -0.039062 0.472656
-0.078125 -0.039062 0.472656
-0.080078 -0.037109 0.472656
-0.080078 -0.035156 0.472656
-0.082031 -0.033203 0.470703
-0.083984 -0.031250 0.470703
-0.087891 -0.027344 0.468750
-0.091797 -0.023438 0.468750
-0.093750 -0.021484 0.466797
-0.097656 -0.017578 0.466797
-0.101562 -0.013672 0.462891
-0.107422 -0.005859 0.458984
-0.115234 0.000000 0.453125
-0.119141 0.005859 0.449219
-0.125000 0.009766 0.443359
-0.130859 0.015625 0.439453
-0.136719 0.021484 0.435547
-0.142578 0.027344 0.429688
-0.150391 0.035156 0.425781
-0.154297 0.039062 0.423828
-0.158203 0.042969 0.421875
-0.160156 0.048828 0.419922
-0.166016 0.054688 0.414062
-0.171875 0.060547 0.408203
-0.177734 0.064453 0.404297
-0.179688 0.068359 0.400391
-0.183594 0.070312 0.396484
-0.187500 0.072266 0.392578
-0.193359 0.078125 0.386719
-0.201172 0.082031 0.384766
-0.205078 0.082031 0.382812
-0.205078 0.078125 0.378906
-0.207031 0.074219 0.375000
-0.210938 0.072266 0.367188
-0.216797 0.074219 0.359375
-0.224609 0.074219 0.349609
-0.230469 0.072266 0.341797
-0.232422 0.068359 0.332031
-0.234375 0.066406 0.318359
-0.242188 0.070312 0.306641
-0.255859 0.080078 0.294922
-0.265625 0.085938 0.285156
-0.267578 0.085938 0.273438
-0.267578 0.083984 0.261719
-0.265625 0.082031 0.246094
-0.269531 0.085938 0.228516
-0.277344 0.091797 0.212891
-0.285156 0.099609 0.195312
-0.291016 0.105469 0.179688
-0.296875 0.111328 0.160156
-0.308594 0.125000 0.144531
-0.326172 0.142578 0.128906
-0.347656 0.162109 0.117188
-0.365234 0.175781 0.109375
-0.375000 0.183594 0.101562
-0.384766 0.187500 0.093750
-0.392578 0.191406 0.089844
-0.402344 0.195312 0.087891
-0.408203 0.197266 0.085938
-0.412109 0.195312 0.083984
-0.410156 0.191406 0.082031
-0.410156 0.187500 0.076172
-0.414062 0.189453 0.074219
-0.419922 0.193359 0.072266
-0.423828 0.197266 0.066406
-0.423828 0.195312 0.062500
-0.421875 0.191406 0.056641
-0.417969 0.187500 0.052734
-0.414062 0.183594 0.046875
-0.410156 0.177734 0.042969
-0.404297 0.171875 0.037109
-0.398438 0.167969 0.033203
-0.392578 0.160156 0.029297
-0.388672 0.154297 0.025391
-0.384766 0.150391 0.021484
-0.382812 0.148438 0.017578
-0.382812 0.148438 0.015625
-0.382812 0.146484 0.013672
-0.382812 0.144531 0.009766
-0.384766 0.144531 0.007812
-0.384766 0.142578 0.005859
-0.386719 0.142578 0.005859
-0.384766 0.140625 0.003906
-0.384766 0.136719 0.001953
-0.382812 0.132812 0.000000
-0.378906 0.128906 -0.001953
-0.373047 0.125000 -0.003906
-0.371094 0.123047 -0.005859
-0.369141 0.121094 -0.009766
-0.365234 0.117188 -0.013672
-0.361328 0.115234 -0.017578
-0.359375 0.113281 -0.021484
-0.359375 0.115234 -0.025391
-0.359375 0.115234 -0.027344
-0.361328 0.119141 -0.031250
-0.363281 0.119141 -0.033203
-0.365234 0.121094 -0.035156
-0.367188 0.121094 -0.037109
-0.367188 0.125000 -0.037109
-0.369141 0.126953 -0.037109
-0.371094 0.128906 -0.037109
-0.373047 0.130859 -0.037109
-0.375000 0.132812 -0.037109
-0.376953 0.134766 -0.037109
-0.376953 0.136719 -0.037109
-0.376953 0.136719 -0.037109
-0.376953 0.134766 -0.037109
-0.378906 0.136719 -0.037109
-0.376953 0.134766 -0.037109
-0.375000 0.130859 -0.037109
-0.371094 0.126953 -0.037109
-0.367188 0.125000 -0.037109
-0.365234 0.123047 -0.039062
-0.361328 0.121094 -0.039062
-0.359375 0.119141 -0.039062
-0.355469 0.117188 -0.039062
-0.353516 0.115234 -0.041016
-0.353516 0.117188 -0.041016
-0.353516 0.119141 -0.039062
-0.355469 0.121094 -0.039062
-0.359375 0.123047 -0.037109
-0.361328 0.125000 -0.035156
-0.365234 0.126953 -0.033203
-0.369141 0.128906 -0.031250
-0.371094 0.130859 -0.031250
-0.375000 0.132812 -0.029297
-0.375000 0.134766 -0.029297
-0.376953 0.136719 -0.031250
-0.376953 0.136719 -0.031250
-0.375000 0.132812 -0.033203
-0.373047 0.130859 -0.033203
-0.369141 0.128906 -0.035156
-0.367188 0.126953 -0.035156
-0.363281 0.123047 -0.033203
-0.361328 0.121094 -0.033203
-0.359375 0.117188 -0.033203
-0.357422 0.115234 -0.031250
-0.355469 0.115234 -0.029297
-0.355469 0.115234 -0.029297
-0.355469 0.115234 -0.029297
-0.357422 0.117188 -0.029297
-0.359375 0.117188 -0.029297
-0.361328 0.119141 -0.029297
-0.361328 0.119141 -0.031250
-0.363281 0.121094 -0.031250
-0.365234 0.121094 -0.033203
-0.367188 0.123047 -0.033203
-0.367188 0.125000 -0.035156
-0.369141 0.126953 -0.035156
-0.371094 0.126953 -0.037109
-0.371094 0.128906 -0.037109
-0.373047 0.128906 -0.039062
-0.375000 0.130859 -0.039062
-0.376953 0.132812 -0.039062
-0.376953 0.132812 -0.037109
-0.376953 0.130859 -0.037109
-0.376953 0.130859 -0.035156
-0.375000 0.128906 -0.035156
-0.373047 0.126953 -0.033203
-0.371094 0.125000 -0.033203
-0.367188 0.123047 -0.031250
-0.363281 0.119141 -0.031250
-0.359375 0.117188 -0.031250
-0.355469 0.117188 -0.033203
-0.353516 0.115234 -0.033203
-0.353516 0.115234 -0.033203
-0.351562 0.115234 -0.033203
-0.353516 0.115234 -0.033203
-0.353516 0.117188 -0.035156
-0.355469 0.119141 -0.035156
-0.359375 0.121094 -0.035156
-0.363281 0.123047 -0.033203
-0.367188 0.125000 -0.033203
-0.369141 0.126953 -0.033203
-0.371094 0.128906 -0.033203
-0.371094 0.130859 -0.033203
-0.371094 0.130859 -0.033203
-0.371094 0.130859 -0.031250
-0.369141 0.128906 -0.031250
-0.367188 0.126953 -0.033203
-0.363281 0.125000 -0.033203
-0.361328 0.125000 -0.033203
-0.359375 0.123047 -0.031250
-0.359375 0.121094 -0.031250
-0.357422 0.121094 -0.031250
-0.357422 0.119141 -0.031250
-0.357422 0.119141 -0.031250
-0.357422 0.121094 -0.029297
-0.357422 0.121094 -0.029297
-0.359375 0.123047 -0.029297
-0.359375 0.123047 -0.029297
-0.359375 0.123047 -0.027344
-0.361328 0.125000 -0.027344
-0.361328 0.125000 -0.027344
-0.363281 0.126953 -0.025391
-0.365234 0.126953 -0.023438
-0.367188 0.126953 -0.023438
-0.369141 0.128906 -0.023438
-0.369141 0.130859 -0.023438
-0.369141 0.132812 -0.023438
-0.371094 0.132812 -0.021484
-0.373047 0.134766 -0.021484
-0.373047 0.136719 -0.019531
-0.373047 0.138672 -0.019531
-0.375000 0.138672 -0.017578
-0.376953 0.138672 -0.015625
-0.378906 0.138672 -0.015625
-0.380859 0.138672 -0.013672
-0.382812 0.140625 -0.011719
-0.382812 0.140625 -0.009766
-0.384766 0.140625 -0.009766
-0.386719 0.140625 -0.007812
-0.386719 0.140625 -0.007812
-0.386719 0.140625 -0.007812
-0.386719 0.140625 -0.005859
-0.384766 0.142578 -0.003906
-0.384766 0.140625 -0.001953
-0.384766 0.140625 0.000000
-0.384766 0.140625 0.001953
-0.384766 0.140625 0.003906
-0.384766 0.140625 0.007812
-0.386719 0.140625 0.009766
-0.386719 0.140625 0.011719
-0.386719 0.140625 0.013672
-0.386719 0.142578 0.015625
-0.386719 0.142578 0.019531
-0.386719 0.144531 0.021484
-0.386719 0.142578 0.025391
-0.388672 0.144531 0.029297
-0.390625 0.148438 0.031250
-0.396484 0.156250 0.037109
-0.402344 0.164062 0.041016
-0.408203 0.171875 0.044922
-0.414062 0.179688 0.046875
-0.423828 0.189453 0.048828
-0.431641 0.197266 0.050781
-0.439453 0.208984 0.052734
-0.447266 0.214844 0.054688
-0.453125 0.220703 0.056641
-0.457031 0.224609 0.060547
-0.457031 0.224609 0.062500
-0.458984 0.228516 0.068359
-0.460938 0.234375 0.074219
-0.462891 0.238281 0.078125
-0.460938 0.240234 0.083984
-0.458984 0.238281 0.087891
-0.458984 0.238281 0.091797
-0.460938 0.238281 0.095703
-0.460938 0.236328 0.097656
-0.458984 0.230469 0.095703
-0.447266 0.214844 0.097656
-0.423828 0.191406 0.099609
-0.400391 0.166016 0.105469
-0.378906 0.142578 0.111328
-0.351562 0.117188 0.121094
-0.320312 0.089844 0.132812
-0.289062 0.062500 0.148438
-0.261719 0.037109 0.162109
-0.234375 0.013672 0.179688
-0.212891 -0.001953 0.201172
-0.193359 -0.019531 0.218750
-0.173828 -0.037109 0.238281
-0.156250 -0.052734 0.257812
-0.140625 -0.068359 0.275391
-0.125000 -0.085938 0.292969
-0.107422 -0.101562 0.314453
-0.097656 -0.109375 0.335938
-0.093750 -0.119141 0.351562
-0.085938 -0.130859 0.365234
-0.078125 -0.138672 0.380859
-0.074219 -0.142578 0.392578
-0.072266 -0.144531 0.402344
-0.068359 -0.146484 0.410156
-0.064453 -0.144531 0.414062
-0.058594 -0.150391 0.416016
-0.048828 -0.158203 0.419922
-0.037109 -0.164062 0.425781
-0.033203 -0.160156 0.429688
-0.033203 -0.156250 0.429688
-0.029297 -0.156250 0.431641
-0.021484 -0.158203 0.433594
-0.017578 -0.162109 0.435547
-0.013672 -0.162109 0.439453
-0.013672 -0.160156 0.445312
-0.015625 -0.156250 0.449219
-0.017578 -0.152344 0.451172
-0.017578 -0.152344 0.457031
-0.017578 -0.152344 0.462891
-0.019531 -0.152344 0.468750
-0.023438 -0.148438 0.472656
-0.027344 -0.144531 0.474609
-0.031250 -0.140625 0.474609
-0.035156 -0.136719 0.476562
-0.041016 -0.130859 0.478516
-0.046875 -0.126953 0.478516
-0.052734 -0.119141 0.478516
-0.056641 -0.113281 0.476562
-0.062500 -0.107422 0.476562
-0.068359 -0.101562 0.476562
-0.074219 -0.095703 0.476562
-0.076172 -0.093750 0.476562
-0.076172 -0.093750 0.474609
-0.076172 -0.095703 0.474609
-0.074219 -0.097656 0.474609
-0.070312 -0.103516 0.474609
-0.066406 -0.105469 0.476562
-0.062500 -0.111328 0.476562
-0.056641 -0.113281 0.478516
-0.052734 -0.119141 0.476562
-0.048828 -0.121094 0.476562
-0.048828 -0.123047 0.476562
-0.046875 -0.123047 0.476562
-0.046875 -0.123047 0.474609
-0.048828 -0.121094 0.472656
-0.050781 -0.119141 0.472656
-0.054688 -0.115234 0.472656
-0.060547 -0.111328 0.470703
-0.064453 -0.107422 0.470703
-0.066406 -0.105469 0.470703
-0.070312 -0.103516 0.470703
-0.072266 -0.099609 0.472656
-0.074219 -0.097656 0.472656
-0.074219 -0.099609 0.472656
-0.070312 -0.103516 0.472656
-0.064453 -0.107422 0.474609
-0.060547 -0.111328 0.474609
-0.056641 -0.113281 0.476562
-0.052734 -0.115234 0.476562
-0.050781 -0.115234 0.474609
-0.048828 -0.117188 0.476562
-0.046875 -0.117188 0.476562
-0.048828 -0.115234 0.478516
-0.050781 -0.113281 0.478516
-0.052734 -0.109375 0.480469
-0.054688 -0.109375 0.480469
-0.054688 -0.109375 0.482422
-0.052734 -0.109375 0.482422
-0.052734 -0.109375 0.482422
-0.052734 -0.111328 0.480469
-0.052734 -0.113281 0.480469
-0.052734 -0.113281 0.478516
-0.052734 -0.113281 0.478516
-0.054688 -0.111328 0.476562
-0.054688 -0.111328 0.476562
-0.058594 -0.109375 0.476562
-0.060547 -0.105469 0.476562
-0.066406 -0.101562 0.476562
-0.070312 -0.097656 0.476562
-0.072266 -0.095703 0.476562
-0.074219 -0.093750 0.476562
-0.074219 -0.093750 0.476562
-0.072266 -0.095703 0.476562
-0.070312 -0.095703 0.476562
-0.068359 -0.099609 0.474609
-0.064453 -0.103516 0.474609
-0.060547 -0.105469 0.474609
-0.056641 -0.109375 0.472656
-0.052734 -0.113281 0.470703
-0.052734 -0.113281 0.472656
-0.052734 -0.113281 0.472656
-0.054688 -0.113281 0.472656
-0.056641 -0.109375 0.472656
-0.058594 -0.107422 0.472656
-0.062500 -0.103516 0.474609
-0.064453 -0.101562 0.474609
-0.066406 -0.097656 0.474609
-0.070312 -0.097656 0.474609
-0.070312 -0.095703 0.474609
-0.068359 -0.097656 0.472656
-0.066406 -0.099609 0.472656
-0.064453 -0.103516 0.472656
-0.060547 -0.105469 0.472656
-0.060547 -0.107422 0.472656
-0.058594 -0.107422 0.474609
-0.056641 -0.109375 0.474609
-0.056641 -0.109375 0.476562
-0.056641 -0.107422 0.476562
-0.058594 -0.105469 0.476562
-0.060547 -0.101562 0.476562
-0.064453 -0.097656 0.476562
-0.068359 -0.093750 0.476562
-0.072266 -0.089844 0.476562
-0.076172 -0.085938 0.476562
-0.078125 -0.083984 0.474609
-0.078125 -0.082031 0.474609
-0.080078 -0.080078 0.472656
-0.078125 -0.082031 0.474609
-0.076172 -0.083984 0.474609
-0.072266 -0.085938 0.474609
-0.070312 -0.087891 0.474609
-0.068359 -0.089844 0.474609
-0.064453 -0.091797 0.474609
-0.062500 -0.093750 0.476562
-0.060547 -0.095703 0.476562
-0.058594 -0.097656 0.476562
-0.058594 -0.097656 0.476562
-0.060547 -0.095703 0.476562
-0.062500 -0.095703 0.476562
-0.062500 -0.095703 0.476562
-0.064453 -0.093750 0.476562
-0.066406 -0.093750 0.476562
-0.068359 -0.093750 0.476562
-0.068359 -0.093750 0.476562
-0.068359 -0.093750 0.476562
-0.066406 -0.095703 0.476562
-0.062500 -0.097656 0.474609
-0.060547 -0.101562 0.474609
-0.058594 -0.101562 0.474609
-0.056641 -0.103516 0.474609
-0.056641 -0.103516 0.472656
-0.056641 -0.101562 0.472656
-0.056641 -0.101562 0.472656
-0.058594 -0.099609 0.472656
-0.060547 -0.097656 0.472656
-0.064453 -0.095703 0.472656
-0.066406 -0.091797 0.474609
-0.070312 -0.091797 0.472656
-0.072266 -0.089844 0.474609
-0.074219 -0.089844 0.474609
-0.074219 -0.089844 0.476562
-0.074219 -0.087891 0.474609
-0.074219 -0.089844 0.474609
-0.072266 -0.089844 0.474609
-0.072266 -0.091797 0.474609
-0.070312 -0.091797 0.474609
-0.068359 -0.093750 0.474609
-0.068359 -0.093750 0.474609
-0.066406 -0.091797 0.472656
-0.068359 -0.091797 0.472656
-0.066406 -0.091797 0.472656
-0.066406 -0.091797 0.472656
-0.066406 -0.091797 0.474609
-0.066406 -0.091797 0.472656
-0.066406 -0.091797 0.472656
-0.066406 -0.091797 0.474609
-0.066406 -0.093750 0.474609
-0.064453 -0.093750 0.474609
-0.066406 -0.093750 0.474609
-0.066406 -0.093750 0.474609
-0.066406 -0.093750 0.474609
-0.066406 -0.093750 0.472656
-0.066406 -0.093750 0.474609
-0.066406 -0.093750 0.474609
-0.064453 -0.093750 0.474609
-0.066406 -0.093750 0.472656
-0.066406 -0.093750 0.472656
-0.066406 -0.093750 0.470703
-0.066406 -0.093750 0.472656
-0.068359 -0.093750 0.472656
-0.068359 -0.091797 0.472656
-0.070312 -0.091797 0.472656
-0.070312 -0.089844 0.474609
-0.070312 -0.089844 0.474609
-0.070312 -0.089844 0.474609
-0.068359 -0.089844 0.474609
-0.068359 -0.091797 0.476562
-0.068359 -0.091797 0.474609
-0.066406 -0.089844 0.474609
-0.068359 -0.089844 0.474609
-0.068359 -0.087891 0.474609
-0.070312 -0.087891 0.474609
-0.070312 -0.085938 0.474609
-0.072266 -0.083984 0.476562
-0.072266 -0.083984 0.476562
-0.074219 -0.083984 0.476562
-0.074219 -0.083984 0.476562
-0.072266 -0.085938 0.476562
-0.070312 -0.087891 0.476562
-0.070312 -0.087891 0.474609
-0.068359 -0.089844 0.472656
-0.068359 -0.091797 0.472656
-0.066406 -0.091797 0.472656
-0.066406 -0.091797 0.470703
-0.066406 -0.091797 0.470703
-0.066406 -0.091797 0.470703
-0.068359 -0.089844 0.470703
-0.068359 -0.089844 0.470703
-0.068359 -0.089844 0.472656
-0.068359 -0.089844 0.472656
-0.068359 -0.089844 0.472656
-0.068359 -0.087891 0.472656
-0.068359 -0.087891 0.472656
-0.070312 -0.085938 0.470703
-0.070312 -0.085938 0.472656
-0.070312 -0.085938 0.472656
-0.072266 -0.083984 0.474609
-0.074219 -0.082031 0.474609
-0.074219 -0.082031 0.474609
-0.076172 -0.082031 0.474609
-0.074219 -0.083984 0.476562
-0.072266 -0.085938 0.474609
-0.070312 -0.089844 0.474609
-0.068359 -0.091797 0.472656
-0.068359 -0.093750 0.472656
-0.068359 -0.095703 0.470703
-0.068359 -0.095703 0.470703
-0.068359 -0.095703 0.468750
-0.068359 -0.093750 0.468750
-0.070312 -0.091797 0.468750
-0.072266 -0.089844 0.470703
-0.072266 -0.087891 0.472656
-0.074219 -0.085938 0.472656
-0.074219 -0.085938 0.474609
-0.072266 -0.085938 0.474609
-0.070312 -0.085938 0.474609
-0.070312 -0.085938 0.476562
-0.068359 -0.087891 0.476562
-0.068359 -0.089844 0.474609
-0.068359 -0.089844 0.474609
-0.068359 -0.091797 0.474609
-0.068359 -0.089844 0.474609
-0.068359 -0.089844 0.472656
-0.068359 -0.089844 0.474609
-0.070312 -0.087891 0.472656
-0.070312 -0.085938 0.474609
-0.070312 -0.085938 0.474609
-0.072266 -0.083984 0.474609
-0.070312 -0.083984 0.474609
-0.070312 -0.083984 0.474609
-0.070312 -0.085938 0.474609
-0.070312 -0.085938 0.474609
-0.070312 -0.085938 0.472656
-0.070312 -0.085938 0.472656
-0.070312 -0.087891 0.470703
-0.068359 -0.087891 0.468750
-0.068359 -0.089844 0.468750
-0.068359 -0.089844 0.468750
-0.066406 -0.091797 0.466797
-0.066406 -0.091797 0.466797
-0.064453 -0.091797 0.466797
-0.064453 -0.093750 0.466797
-0.064453 -0.093750 0.464844
-0.066406 -0.093750 0.464844
-0.066406 -0.091797 0.466797
-0.068359 -0.089844 0.466797
-0.070312 -0.085938 0.466797
-0.072266 -0.083984 0.466797
-0.074219 -0.082031 0.466797
-0.074219 -0.080078 0.468750
-0.078125 -0.076172 0.468750
-0.080078 -0.070312 0.468750
-0.080078 -0.068359 0.464844
-0.076172 -0.074219 0.460938
-0.066406 -0.082031 0.457031
-0.058594 -0.089844 0.451172
-0.052734 -0.091797 0.447266
-0.054688 -0.091797 0.441406
-0.054688 -0.093750 0.431641
-0.052734 -0.095703 0.421875
-0.052734 -0.095703 0.412109
-0.060547 -0.089844 0.400391
-0.078125 -0.074219 0.388672
-0.097656 -0.058594 0.373047
-0.111328 -0.046875 0.355469
-0.123047 -0.037109 0.333984
-0.134766 -0.025391 0.316406
-0.152344 -0.007812 0.294922
-0.171875 0.009766 0.273438
-0.187500 0.023438 0.250000
-0.199219 0.035156 0.228516
-0.210938 0.044922 0.207031
-0.226562 0.062500 0.187500
-0.251953 0.085938 0.169922
-0.275391 0.105469 0.152344
-0.292969 0.121094 0.132812
-0.308594 0.136719 0.117188
-0.324219 0.154297 0.099609
-0.345703 0.173828 0.083984
-0.367188 0.195312 0.068359
-0.384766 0.212891 0.054688
-0.398438 0.226562 0.042969
-0.406250 0.234375 0.031250
-0.414062 0.244141 0.021484
-0.425781 0.253906 0.015625
-0.439453 0.261719 0.013672
-0.447266 0.267578 0.013672
-0.449219 0.267578 0.013672
-0.451172 0.263672 0.015625
-0.451172 0.263672 0.017578
-0.453125 0.265625 0.017578
-0.455078 0.265625 0.021484
-0.453125 0.263672 0.023438
-0.445312 0.255859 0.025391
-0.435547 0.246094 0.027344
-0.429688 0.240234 0.031250
-0.425781 0.234375 0.035156
-0.421875 0.228516 0.037109
-0.416016 0.220703 0.039062
-0.410156 0.212891 0.041016
-0.406250 0.205078 0.039062
-0.402344 0.199219 0.041016
-0.400391 0.197266 0.039062
-0.400391 0.195312 0.037109
-0.400391 0.193359 0.035156
-0.400391 0.193359 0.033203
-0.398438 0.189453 0.031250
-0.398438 0.189453 0.027344
-0.398438 0.189453 0.025391
-0.398438 0.191406 0.023438
-0.398438 0.191406 0.019531
-0.394531 0.189453 0.017578
-0.390625 0.185547 0.015625
-0.384766 0.183594 0.011719
-0.380859 0.181641 0.009766
-0.378906 0.177734 0.007812
-0.375000 0.175781 0.005859
-0.371094 0.171875 0.003906
-0.367188 0.167969 0.001953
-0.363281 0.167969 0.000000
-0.363281 0.166016 0.000000
-0.365234 0.166016 -0.001953
-0.365234 0.166016 -0.001953
-0.365234 0.166016 -0.003906
-0.365234 0.166016 -0.003906
-0.367188 0.167969 -0.005859
-0.369141 0.169922 -0.007812
-0.371094 0.171875 -0.009766
-0.373047 0.173828 -0.011719
-0.376953 0.175781 -0.013672
-0.378906 0.179688 -0.013672
-0.380859 0.181641 -0.015625
-0.382812 0.183594 -0.015625
-0.384766 0.185547 -0.017578
-0.384766 0.185547 -0.017578
-0.382812 0.185547 -0.017578
-0.382812 0.185547 -0.019531
-0.378906 0.183594 -0.019531
-0.376953 0.181641 -0.019531
-0.376953 0.181641 -0.017578
-0.375000 0.179688 -0.015625
-0.376953 0.177734 -0.013672
-0.375000 0.173828 -0.009766
-0.375000 0.171875 -0.005859
-0.375000 0.171875 -0.003906
-0.376953 0.171875 0.000000
-0.376953 0.171875 0.003906
-0.378906 0.171875 0.007812
-0.378906 0.171875 0.011719
-0.378906 0.173828 0.013672
-0.380859 0.175781 0.015625
-0.384766 0.181641 0.017578
-0.386719 0.187500 0.019531
-0.390625 0.193359 0.021484
-0.394531 0.199219 0.023438
-0.400391 0.205078 0.025391
-0.408203 0.212891 0.027344
-0.416016 0.222656 0.031250
-0.423828 0.230469 0.033203
-0.429688 0.240234 0.037109
-0.437500 0.250000 0.039062
-0.447266 0.263672 0.041016
-0.460938 0.275391 0.042969
-0.470703 0.287109 0.046875
-0.480469 0.298828 0.048828
-0.490234 0.312500 0.050781
-0.501953 0.324219 0.050781
-0.511719 0.330078 0.048828
-0.515625 0.328125 0.044922
-0.513672 0.316406 0.041016
-0.503906 0.298828 0.037109
-0.494141 0.281250 0.033203
-0.482422 0.261719 0.025391
-0.466797 0.236328 0.021484
-0.441406 0.203125 0.019531
-0.410156 0.166016 0.021484
-0.375000 0.130859 0.025391
-0.339844 0.099609 0.035156
-0.306641 0.072266 0.048828
-0.273438 0.037109 0.060547
-0.236328 0.001953 0.076172
-0.193359 -0.031250 0.095703
-0.150391 -0.062500 0.119141
-0.113281 -0.089844 0.142578
-0.078125 -0.117188 0.167969
-0.046875 -0.140625 0.197266
-0.019531 -0.167969 0.228516
0.007812 -0.189453 0.257812
0.035156 -0.205078 0.291016
0.054688 -0.216797 0.322266
0.068359 -0.226562 0.349609
0.076172 -0.232422 0.373047
0.082031 -0.236328 0.396484
0.083984 -0.234375 0.417969
0.082031 -0.226562 0.437500
0.072266 -0.212891 0.451172
0.060547 -0.197266 0.462891
0.044922 -0.179688 0.472656
0.027344 -0.164062 0.480469
0.011719 -0.148438 0.484375
-0.003906 -0.130859 0.490234
-0.021484 -0.111328 0.492188
-0.044922 -0.089844 0.490234
-0.068359 -0.068359 0.484375
-0.085938 -0.052734 0.482422
-0.099609 -0.042969 0.480469
-0.111328 -0.031250 0.476562
-0.119141 -0.021484 0.476562
-0.125000 -0.013672 0.476562
-0.126953 -0.009766 0.474609
-0.125000 -0.011719 0.476562
-0.113281 -0.021484 0.480469
-0.099609 -0.035156 0.484375
-0.085938 -0.046875 0.486328
-0.074219 -0.058594 0.488281
-0.060547 -0.074219 0.490234
-0.048828 -0.087891 0.490234
-0.037109 -0.101562 0.490234
-0.031250 -0.113281 0.490234
-0.025391 -0.119141 0.488281
-0.025391 -0.123047 0.486328
-0.027344 -0.123047 0.486328
-0.031250 -0.121094 0.484375
-0.039062 -0.115234 0.482422
-0.048828 -0.107422 0.482422
-0.058594 -0.099609 0.480469
-0.068359 -0.091797 0.476562
-0.076172 -0.085938 0.476562
-0.080078 -0.082031 0.476562
-0.083984 -0.078125 0.478516
-0.083984 -0.076172 0.476562
-0.083984 -0.076172 0.478516
-0.080078 -0.078125 0.478516
-0.074219 -0.082031 0.476562
-0.066406 -0.085938 0.478516
-0.060547 -0.091797 0.480469
-0.052734 -0.095703 0.478516
-0.046875 -0.101562 0.476562
-0.042969 -0.105469 0.476562
-0.039062 -0.111328 0.478516
-0.037109 -0.113281 0.478516
-0.035156 -0.115234 0.478516
-0.037109 -0.113281 0.480469
-0.042969 -0.109375 0.480469
-0.044922 -0.105469 0.478516
-0.048828 -0.103516 0.480469
-0.052734 -0.099609 0.480469
-0.056641 -0.093750 0.482422
-0.060547 -0.089844 0.482422
-0.062500 -0.085938 0.482422
-0.064453 -0.083984 0.482422
-0.062500 -0.083984 0.482422
-0.060547 -0.083984 0.482422
-0.058594 -0.087891 0.482422
-0.054688 -0.087891 0.482422
-0.052734 -0.089844 0.482422
-0.048828 -0.091797 0.480469
-0.046875 -0.091797 0.480469
-0.046875 -0.091797 0.478516
-0.046875 -0.089844 0.478516
-0.048828 -0.087891 0.480469
-0.050781 -0.085938 0.480469
-0.052734 -0.082031 0.480469
-0.056641 -0.080078 0.480469
-0.060547 -0.078125 0.482422
-0.062500 -0.078125 0.482422
-0.064453 -0.076172 0.480469
-0.066406 -0.076172 0.480469
-0.066406 -0.078125 0.480469
-0.068359 -0.076172 0.478516
-0.070312 -0.076172 0.476562
-0.070312 -0.074219 0.474609
-0.072266 -0.074219 0.474609
-0.072266 -0.072266 0.472656
-0.072266 -0.070312 0.474609
-0.074219 -0.068359 0.474609
-0.074219 -0.066406 0.476562
-0.074219 -0.066406 0.476562
-0.072266 -0.068359 0.476562
-0.070312 -0.072266 0.478516
-0.066406 -0.076172 0.478516
-0.064453 -0.078125 0.480469
-0.062500 -0.080078 0.480469
-0.060547 -0.083984 0.476562
-0.058594 -0.087891 0.476562
-0.056641 -0.089844 0.476562
-0.056641 -0.089844 0.474609
-0.056641 -0.087891 0.474609
-0.058594 -0.087891 0.472656
-0.060547 -0.085938 0.472656
-0.062500 -0.083984 0.472656
-0.062500 -0.080078 0.472656
-0.064453 -0.078125 0.472656
-0.068359 -0.076172 0.472656
-0.070312 -0.072266 0.472656
-0.072266 -0.070312 0.474609
-0.074219 -0.068359 0.474609
-0.076172 -0.068359 0.474609
-0.078125 -0.066406 0.474609
-0.078125 -0.066406 0.474609
-0.078125 -0.064453 0.476562
-0.078125 -0.066406 0.476562
-0.076172 -0.066406 0.476562
-0.074219 -0.066406 0.476562
-0.072266 -0.068359 0.474609
-0.070312 -0.070312 0.474609
-0.068359 -0.072266 0.474609
-0.066406 -0.074219 0.474609
-0.064453 -0.076172 0.476562
-0.062500 -0.076172 0.476562
-0.064453 -0.076172 0.476562
-0.064453 -0.076172 0.476562
-0.066406 -0.074219 0.478516
-0.068359 -0.074219 0.478516
-0.070312 -0.072266 0.480469
-0.072266 -0.070312 0.480469
-0.074219 -0.068359 0.478516
-0.078125 -0.066406 0.478516
-0.078125 -0.064453 0.476562
-0.078125 -0.064453 0.476562
-0.078125 -0.066406 0.476562
-0.076172 -0.066406 0.476562
-0.074219 -0.066406 0.474609
-0.072266 -0.070312 0.472656
-0.070312 -0.074219 0.472656
-0.066406 -0.078125 0.472656
-0.064453 -0.080078 0.472656
-0.064453 -0.083984 0.470703
-0.062500 -0.085938 0.468750
-0.060547 -0.087891 0.468750
-0.060547 -0.089844 0.468750
-0.062500 -0.089844 0.468750
-0.064453 -0.089844 0.468750
-0.066406 -0.087891 0.468750
-0.068359 -0.085938 0.470703
-0.070312 -0.083984 0.470703
-0.072266 -0.082031 0.470703
-0.074219 -0.078125 0.470703
-0.076172 -0.076172 0.470703
-0.078125 -0.072266 0.472656
-0.078125 -0.070312 0.474609
-0.080078 -0.064453 0.474609
-0.082031 -0.060547 0.474609
-0.085938 -0.054688 0.474609
-0.089844 -0.050781 0.474609
-0.091797 -0.046875 0.474609
-0.093750 -0.044922 0.476562
-0.095703 -0.042969 0.476562
-0.097656 -0.041016 0.476562
-0.095703 -0.041016 0.476562
-0.093750 -0.044922 0.478516
-0.089844 -0.048828 0.478516
-0.083984 -0.054688 0.480469
-0.078125 -0.060547 0.480469
-0.074219 -0.064453 0.480469
-0.068359 -0.068359 0.480469
-0.064453 -0.072266 0.478516
-0.062500 -0.076172 0.476562
-0.060547 -0.078125 0.476562
-0.058594 -0.078125 0.476562
-0.060547 -0.078125 0.474609
-0.060547 -0.076172 0.474609
-0.060547 -0.076172 0.472656
-0.062500 -0.074219 0.472656
-0.062500 -0.074219 0.472656
-0.064453 -0.072266 0.472656
-0.066406 -0.070312 0.470703
-0.066406 -0.070312 0.470703
-0.068359 -0.068359 0.468750
-0.070312 -0.066406 0.468750
-0.074219 -0.064453 0.466797
-0.076172 -0.062500 0.466797
-0.078125 -0.060547 0.466797
-0.082031 -0.056641 0.466797
-0.085938 -0.054688 0.466797
-0.089844 -0.050781 0.464844
-0.091797 -0.048828 0.464844
-0.093750 -0.048828 0.464844
-0.095703 -0.048828 0.464844
-0.095703 -0.048828 0.462891
-0.097656 -0.050781 0.460938
-0.095703 -0.052734 0.458984
-0.095703 -0.054688 0.458984
-0.093750 -0.058594 0.457031
-0.093750 -0.060547 0.457031
-0.091797 -0.062500 0.455078
-0.087891 -0.064453 0.453125
-0.085938 -0.064453 0.451172
-0.082031 -0.064453 0.449219
-0.082031 -0.066406 0.449219
-0.078125 -0.066406 0.447266
-0.076172 -0.064453 0.445312
-0.076172 -0.062500 0.445312
-0.074219 -0.060547 0.443359
-0.072266 -0.060547 0.443359
-0.070312 -0.058594 0.445312
-0.068359 -0.056641 0.449219
-0.066406 -0.052734 0.453125
-0.066406 -0.048828 0.455078
-0.066406 -0.042969 0.458984
-0.064453 -0.039062 0.460938
-0.062500 -0.037109 0.462891
-0.058594 -0.035156 0.462891
-0.056641 -0.031250 0.462891
-0.058594 -0.027344 0.460938
-0.060547 -0.023438 0.458984
-0.064453 -0.019531 0.458984
-0.066406 -0.019531 0.457031
-0.066406 -0.017578 0.455078
-0.070312 -0.013672 0.453125
-0.078125 -0.007812 0.453125
-0.087891 -0.001953 0.451172
-0.095703 0.005859 0.449219
-0.101562 0.009766 0.447266
-0.105469 0.013672 0.443359
-0.107422 0.015625 0.435547
-0.115234 0.019531 0.429688
-0.123047 0.025391 0.423828
-0.132812 0.031250 0.419922
-0.138672 0.035156 0.416016
-0.146484 0.041016 0.412109
-0.154297 0.044922 0.408203
-0.162109 0.050781 0.404297
-0.173828 0.060547 0.402344
-0.183594 0.068359 0.398438
-0.193359 0.078125 0.394531
-0.199219 0.085938 0.388672
-0.207031 0.091797 0.380859
-0.216797 0.099609 0.373047
-0.222656 0.105469 0.363281
-0.232422 0.111328 0.353516
-0.240234 0.119141 0.341797
-0.248047 0.123047 0.330078
-0.251953 0.123047 0.318359
-0.253906 0.121094 0.306641
-0.255859 0.119141 0.292969
-0.257812 0.119141 0.283203
-0.263672 0.119141 0.273438
-0.269531 0.119141 0.265625
-0.273438 0.119141 0.255859
-0.277344 0.119141 0.248047
-0.285156 0.125000 0.242188
-0.298828 0.132812 0.236328
-0.310547 0.138672 0.230469
-0.320312 0.144531 0.222656
-0.330078 0.150391 0.212891
-0.339844 0.158203 0.205078
-0.351562 0.166016 0.197266
-0.363281 0.177734 0.187500
-0.371094 0.181641 0.177734
-0.371094 0.179688 0.164062
-0.367188 0.173828 0.148438
-0.367188 0.173828 0.132812
-0.373047 0.177734 0.119141
-0.376953 0.179688 0.105469
-0.380859 0.183594 0.093750
-0.384766 0.183594 0.082031
-0.388672 0.187500 0.070312
-0.398438 0.195312 0.062500
-0.414062 0.207031 0.060547
-0.427734 0.216797 0.060547
-0.441406 0.224609 0.062500
-0.449219 0.228516 0.064453
-0.455078 0.226562 0.066406
-0.451172 0.218750 0.068359
-0.445312 0.208984 0.072266
-0.439453 0.199219 0.074219
-0.433594 0.189453 0.074219
-0.427734 0.181641 0.072266
-0.417969 0.171875 0.070312
-0.406250 0.162109 0.066406
-0.396484 0.156250 0.060547
-0.388672 0.152344 0.054688
-0.388672 0.152344 0.048828
-0.386719 0.150391 0.042969
-0.382812 0.146484 0.035156
-0.378906 0.142578 0.029297
-0.378906 0.140625 0.025391
-0.378906 0.138672 0.023438
-0.378906 0.136719 0.019531
-0.380859 0.136719 0.019531
-0.380859 0.138672 0.017578
-0.380859 0.138672 0.015625
-0.380859 0.140625 0.013672
-0.380859 0.140625 0.013672
-0.378906 0.138672 0.013672
-0.378906 0.136719 0.013672
-0.376953 0.136719 0.011719
-0.373047 0.132812 0.011719
-0.369141 0.128906 0.009766
-0.365234 0.125000 0.007812
-0.361328 0.121094 0.007812
-0.359375 0.121094 0.007812
-0.359375 0.121094 0.005859
-0.357422 0.121094 0.003906
-0.357422 0.121094 0.003906
-0.357422 0.121094 0.000000
-0.357422 0.123047 -0.001953
-0.359375 0.125000 -0.003906
-0.363281 0.126953 -0.003906
-0.365234 0.130859 -0.007812
-0.367188 0.132812 -0.009766
-0.371094 0.134766 -0.011719
-0.375000 0.136719 -0.011719
-0.376953 0.138672 -0.011719
-0.378906 0.138672 -0.011719
-0.380859 0.142578 -0.011719
-0.382812 0.144531 -0.011719
-0.384766 0.144531 -0.009766
-0.384766 0.142578 -0.007812
-0.382812 0.140625 -0.007812
-0.382812 0.138672 -0.005859
-0.380859 0.134766 -0.003906
-0.378906 0.132812 -0.003906
-0.376953 0.130859 -0.003906
-0.375000 0.128906 -0.003906
-0.371094 0.126953 -0.003906
-0.369141 0.125000 -0.003906
-0.367188 0.125000 -0.003906
-0.365234 0.123047 -0.003906
-0.365234 0.123047 -0.003906
-0.365234 0.125000 -0.003906
-0.365234 0.125000 -0.003906
-0.365234 0.123047 -0.003906
-0.365234 0.123047 -0.005859
-0.367188 0.123047 -0.003906
-0.369141 0.123047 -0.003906
-0.371094 0.123047 -0.003906
-0.373047 0.123047 -0.003906
-0.373047 0.123047 -0.003906
-0.375000 0.123047 -0.001953
-0.375000 0.123047 -0.001953
-0.375000 0.125000 0.000000
-0.376953 0.125000 0.000000
-0.375000 0.125000 0.001953
-0.375000 0.126953 0.001953
-0.375000 0.126953 0.003906
-0.375000 0.128906 0.003906
-0.375000 0.128906 0.003906
-0.373047 0.128906 0.003906
-0.373047 0.130859 0.003906
-0.373047 0.130859 0.001953
-0.373047 0.132812 0.003906
-0.373047 0.132812 0.001953
-0.375000 0.132812 0.003906
-0.373047 0.132812 0.003906
-0.373047 0.134766 0.001953
-0.375000 0.134766 0.003906
-0.375000 0.136719 0.003906
-0.375000 0.136719 0.003906
-0.375000 0.138672 0.003906
-0.375000 0.138672 0.003906
-0.376953 0.140625 0.003906
-0.376953 0.142578 0.003906
-0.376953 0.142578 0.003906
-0.378906 0.144531 0.003906
-0.378906 0.144531 0.003906
-0.380859 0.146484 0.003906
-0.382812 0.146484 0.001953
-0.382812 0.148438 0.001953
-0.384766 0.150391 0.001953
-0.384766 0.148438 0.001953
-0.384766 0.148438 0.003906
-0.384766 0.148438 0.005859
-0.382812 0.148438 0.005859
-0.380859 0.146484 0.007812
-0.376953 0.142578 0.009766
-0.375000 0.138672 0.011719
-0.373047 0.136719 0.015625
-0.371094 0.134766 0.019531
-0.371094 0.132812 0.021484
-0.371094 0.130859 0.023438
-0.369141 0.130859 0.023438
-0.371094 0.130859 0.023438
-0.373047 0.132812 0.025391
-0.375000 0.134766 0.025391
-0.378906 0.136719 0.025391
-0.382812 0.140625 0.023438
-0.384766 0.144531 0.023438
-0.388672 0.148438 0.023438
-0.392578 0.152344 0.023438
-0.396484 0.158203 0.025391
-0.404297 0.164062 0.025391
-0.410156 0.169922 0.025391
-0.417969 0.175781 0.027344
-0.423828 0.183594 0.031250
-0.429688 0.189453 0.033203
-0.433594 0.195312 0.035156
-0.439453 0.199219 0.039062
-0.441406 0.203125 0.042969
-0.443359 0.205078 0.046875
-0.443359 0.201172 0.052734
-0.437500 0.197266 0.058594
-0.433594 0.191406 0.064453
-0.425781 0.183594 0.068359
-0.419922 0.175781 0.074219
-0.412109 0.167969 0.080078
-0.406250 0.162109 0.085938
-0.398438 0.154297 0.089844
-0.390625 0.146484 0.095703
-0.382812 0.142578 0.099609
-0.376953 0.140625 0.105469
-0.371094 0.138672 0.111328
-0.369141 0.140625 0.119141
-0.367188 0.142578 0.125000
-0.365234 0.142578 0.130859
-0.367188 0.146484 0.138672
-0.371094 0.154297 0.144531
-0.378906 0.166016 0.150391
-0.390625 0.177734 0.154297
-0.400391 0.187500 0.158203
-0.408203 0.193359 0.160156
-0.410156 0.197266 0.162109
-0.412109 0.199219 0.164062
-0.416016 0.203125 0.167969
-0.414062 0.199219 0.169922
-0.402344 0.187500 0.173828
-0.384766 0.169922 0.181641
-0.365234 0.154297 0.189453
-0.355469 0.146484 0.197266
-0.345703 0.138672 0.203125
-0.332031 0.125000 0.208984
-0.314453 0.099609 0.216797
-0.289062 0.076172 0.228516
-0.273438 0.064453 0.238281
-0.267578 0.058594 0.244141
-0.257812 0.048828 0.248047
-0.238281 0.027344 0.253906
-0.210938 -0.001953 0.265625
-0.189453 -0.021484 0.279297
-0.177734 -0.031250 0.287109
-0.167969 -0.037109 0.292969
-0.152344 -0.054688 0.300781
-0.126953 -0.080078 0.310547
-0.097656 -0.107422 0.322266
-0.072266 -0.132812 0.335938
-0.050781 -0.148438 0.351562
-0.033203 -0.162109 0.361328
-0.011719 -0.181641 0.375000
0.015625 -0.201172 0.388672
0.037109 -0.214844 0.404297
0.052734 -0.224609 0.416016
0.058594 -0.224609 0.427734
0.056641 -0.220703 0.435547
0.052734 -0.210938 0.441406
0.044922 -0.205078 0.443359
0.037109 -0.199219 0.447266
0.029297 -0.189453 0.451172
0.015625 -0.177734 0.455078
-0.001953 -0.160156 0.457031
-0.021484 -0.142578 0.455078
-0.035156 -0.128906 0.455078
-0.046875 -0.117188 0.458984
-0.056641 -0.107422 0.462891
-0.064453 -0.099609 0.466797
-0.070312 -0.093750 0.472656
-0.074219 -0.089844 0.474609
-0.072266 -0.091797 0.474609
-0.064453 -0.099609 0.476562
-0.056641 -0.109375 0.480469
-0.046875 -0.121094 0.480469
-0.037109 -0.130859 0.480469
-0.027344 -0.140625 0.478516
-0.019531 -0.150391 0.476562
-0.017578 -0.154297 0.476562
-0.019531 -0.154297 0.474609
-0.021484 -0.152344 0.472656
-0.025391 -0.148438 0.472656
-0.031250 -0.142578 0.472656
-0.037109 -0.136719 0.470703
-0.042969 -0.130859 0.472656
-0.050781 -0.123047 0.472656
-0.058594 -0.115234 0.472656
-0.060547 -0.113281 0.472656
-0.058594 -0.113281 0.472656
-0.058594 -0.113281 0.472656
-0.056641 -0.115234 0.474609
-0.054688 -0.117188 0.474609
-0.050781 -0.119141 0.474609
-0.046875 -0.121094 0.474609
-0.044922 -0.123047 0.474609
-0.041016 -0.125000 0.474609
-0.039062 -0.126953 0.476562
-0.039062 -0.126953 0.478516
-0.037109 -0.126953 0.478516
-0.037109 -0.126953 0.480469
-0.039062 -0.125000 0.482422
-0.041016 -0.121094 0.482422
-0.044922 -0.117188 0.480469
-0.046875 -0.113281 0.478516
-0.048828 -0.111328 0.478516
-0.050781 -0.107422 0.478516
-0.054688 -0.105469 0.478516
-0.056641 -0.101562 0.478516
-0.060547 -0.097656 0.478516
-0.060547 -0.095703 0.480469
-0.060547 -0.095703 0.480469
-0.058594 -0.095703 0.482422
-0.056641 -0.097656 0.484375
-0.054688 -0.099609 0.484375
-0.052734 -0.101562 0.484375
-0.048828 -0.105469 0.484375
-0.046875 -0.107422 0.482422
-0.042969 -0.111328 0.480469
-0.039062 -0.115234 0.480469
-0.039062 -0.115234 0.480469
-0.037109 -0.117188 0.480469
-0.039062 -0.115234 0.478516
-0.041016 -0.115234 0.476562
-0.042969 -0.111328 0.476562
-0.046875 -0.109375 0.476562
-0.050781 -0.105469 0.474609
-0.054688 -0.101562 0.474609
-0.058594 -0.097656 0.472656
-0.064453 -0.093750 0.470703
-0.068359 -0.091797 0.470703
-0.068359 -0.089844 0.472656
-0.070312 -0.087891 0.474609
-0.070312 -0.087891 0.474609
-0.066406 -0.087891 0.474609
-0.064453 -0.087891 0.474609
-0.062500 -0.089844 0.474609
-0.056641 -0.091797 0.476562
-0.052734 -0.095703 0.476562
-0.048828 -0.097656 0.476562
-0.044922 -0.099609 0.476562
-0.044922 -0.101562 0.476562
-0.044922 -0.099609 0.476562
-0.046875 -0.099609 0.476562
-0.048828 -0.099609 0.478516
-0.050781 -0.095703 0.478516
-0.054688 -0.095703 0.480469
-0.058594 -0.093750 0.480469
-0.060547 -0.091797 0.480469
-0.062500 -0.089844 0.478516
-0.064453 -0.091797 0.478516
-0.062500 -0.091797 0.480469
-0.062500 -0.093750 0.478516
-0.060547 -0.095703 0.478516
-0.058594 -0.095703 0.478516
-0.056641 -0.097656 0.476562
-0.054688 -0.097656 0.476562
-0.054688 -0.097656 0.478516
-0.052734 -0.099609 0.478516
-0.054688 -0.097656 0.478516
-0.052734 -0.095703 0.478516
-0.052734 -0.095703 0.478516
-0.052734 -0.095703 0.478516
-0.052734 -0.095703 0.478516
-0.052734 -0.095703 0.478516
-0.052734 -0.095703 0.478516
-0.050781 -0.095703 0.478516
-0.050781 -0.095703 0.476562
-0.048828 -0.097656 0.476562
-0.048828 -0.097656 0.474609
-0.048828 -0.097656 0.474609
-0.048828 -0.095703 0.474609
-0.048828 -0.095703 0.472656
-0.048828 -0.095703 0.470703
-0.048828 -0.095703 0.470703
-0.050781 -0.093750 0.470703
-0.052734 -0.091797 0.470703
-0.052734 -0.089844 0.470703
-0.054688 -0.089844 0.470703
-0.054688 -0.087891 0.470703
-0.056641 -0.087891 0.470703
-0.058594 -0.083984 0.472656
-0.060547 -0.082031 0.472656
-0.062500 -0.082031 0.474609
-0.062500 -0.080078 0.472656
-0.064453 -0.080078 0.472656
-0.064453 -0.080078 0.472656
-0.064453 -0.080078 0.470703
-0.064453 -0.082031 0.470703
-0.062500 -0.082031 0.470703
-0.062500 -0.083984 0.470703
-0.060547 -0.085938 0.470703
-0.058594 -0.087891 0.472656
-0.058594 -0.087891 0.472656
-0.058594 -0.085938 0.474609
-0.058594 -0.085938 0.474609
-0.058594 -0.085938 0.474609
-0.058594 -0.083984 0.474609
-0.058594 -0.082031 0.476562
-0.060547 -0.080078 0.476562
-0.062500 -0.078125 0.476562
-0.062500 -0.078125 0.478516
-0.062500 -0.078125 0.478516
-0.062500 -0.078125 0.480469
-0.062500 -0.080078 0.480469
-0.064453 -0.080078 0.480469
-0.062500 -0.082031 0.482422
-0.062500 -0.083984 0.482422
-0.060547 -0.085938 0.482422
-0.058594 -0.087891 0.480469
-0.058594 -0.087891 0.480469
-0.056641 -0.089844 0.480469
-0.054688 -0.087891 0.480469
-0.054688 -0.089844 0.480469
-0.054688 -0.089844 0.480469
-0.054688 -0.089844 0.478516
-0.054688 -0.089844 0.480469
-0.054688 -0.087891 0.480469
-0.056641 -0.085938 0.480469
-0.056641 -0.085938 0.478516
-0.056641 -0.085938 0.478516
-0.058594 -0.085938 0.478516
-0.058594 -0.083984 0.478516
-0.058594 -0.085938 0.476562
-0.056641 -0.085938 0.476562
-0.056641 -0.085938 0.476562
-0.056641 -0.087891 0.476562
-0.056641 -0.087891 0.476562
-0.056641 -0.089844 0.476562
-0.056641 -0.089844 0.476562
-0.054688 -0.089844 0.478516
-0.054688 -0.091797 0.478516
-0.056641 -0.089844 0.476562
-0.056641 -0.089844 0.476562
-0.058594 -0.087891 0.474609
-0.058594 -0.087891 0.474609
-0.058594 -0.087891 0.474609
-0.058594 -0.087891 0.474609
-0.058594 -0.085938 0.474609
-0.058594 -0.085938 0.474609
-0.058594 -0.083984 0.474609
-0.058594 -0.085938 0.474609
-0.058594 -0.083984 0.476562
-0.060547 -0.085938 0.476562
-0.060547 -0.083984 0.476562
-0.062500 -0.083984 0.476562
-0.062500 -0.082031 0.476562
-0.062500 -0.082031 0.476562
-0.062500 -0.082031 0.476562
-0.062500 -0.082031 0.476562
-0.064453 -0.080078 0.474609
-0.062500 -0.080078 0.474609
-0.062500 -0.080078 0.472656
-0.060547 -0.080078 0.472656
-0.060547 -0.080078 0.470703
-0.060547 -0.080078 0.470703
-0.060547 -0.080078 0.470703
-0.060547 -0.082031 0.470703
-0.060547 -0.080078 0.468750
-0.060547 -0.080078 0.470703
-0.062500 -0.080078 0.468750
-0.062500 -0.080078 0.468750
-0.064453 -0.080078 0.468750
-0.064453 -0.080078 0.468750
-0.064453 -0.080078 0.468750
-0.066406 -0.080078 0.468750
-0.066406 -0.078125 0.468750
-0.068359 -0.080078 0.468750
-0.068359 -0.078125 0.468750
-0.068359 -0.0781