0.49160999775533454	-0.01220460929581657	-0.012167941451032477
0.49160999775533454	-0.01220460929581657	-0.012167941451032477
0.49200942760886196	-0.008317497936654483	-0.012167941451032477
0.49200942760886196	-0.008317497936654483	-0.012167941451032477
0.49200942760886196	-0.008317497936654483	-0.012167941451032477
0.4918039366058389	-0.008229348748265863	-0.008133774811282787
0.4922111685780809	-0.004345069348668851	-0.008133774811282787
0.4922111685780809	-0.004345069348668851	-0.008133774811282787
0.4924281123179301	-0.0003813512220138815	-0.004096151070261053
0.4924281123179301	-0.0003813512220138815	-0.004096151070261053
0.49052953365623153	0.0004674049843145234	-0.004510208556212855
0.4901133294290209	-0.003424200124987342	-0.004510208556212855
0.49201351413960165	-0.004258649642731038	-0.004096151070261053
0.4926256004086673	-0.00046925323294000343	-0.008133774811282787
0.4922111685780809	-0.004345069348668851	-0.008133774811282787
0.4924164896385985	-0.004434765937871177	-0.012167941451032477
0.49200942760886196	-0.008317497936654483	-0.012167941451032477
0.49200942760886196	-0.008317497936654483	-0.012167941451032477
0.49200942760886196	-0.008317497936654483	-0.012167941451032477
0.49200942760886196	-0.008317497936654483	-0.012167941451032477
0.49160999775533454	-0.01220460929581657	-0.012167941451032477
0.49160999775533454	-0.01220460929581657	-0.012167941451032477
0.49160999775533454	-0.01220460929581657	-0.012167941451032477
0.4918039366058389	-0.008229348748265863	-0.008133774811282787
0.48950179027864643	-0.011313399463045437	-0.008564030336464468
0.4897082473075168	-0.011401021993320049	-0.012614352957312322
0.49200942760886196	-0.008317497936654483	-0.012167941451032477
0.49160999775533454	-0.01220460929581657	-0.012167941451032477
0.49010922705454135	-0.007499489932601078	-0.012614352957312322
0.49010922705454135	-0.007499489932601078	-0.012614352957312322
0.49010922705454135	-0.007499489932601078	-0.012614352957312322
0.4897082473075168	-0.011401021993320049	-0.012614352957312322
0.4918234362868447	-0.012294401860071691	-0.016200587143287135
0.4918234362868447	-0.012294401860071691	-0.016200587143287135
0.4897082473075168	-0.011401021993320049	-0.012614352957312322
0.4897082473075168	-0.011401021993320049	-0.012614352957312322
0.49160999775533454	-0.01220460929581657	-0.012167941451032477
0.49200942760886196	-0.008317497936654483	-0.012167941451032477
0.4899225143520146	-0.011491879398877636	-0.016663119321272096
0.4899225143520146	-0.011491879398877636	-0.016663119321272096
0.49010922705454135	-0.007499489932601078	-0.012614352957312322
0.4884253474882318	-0.006769165924606746	-0.01712917075779964
0.4903233188743933	-0.007591977293045948	-0.016663119321272096
0.49010922705454135	-0.007499489932601078	-0.012614352957312322
0.4897082473075168	-0.011401021993320049	-0.012614352957312322
0.4897082473075168	-0.011401021993320049	-0.012614352957312322
0.49200942760886196	-0.008317497936654483	-0.012167941451032477
0.4918039366058389	-0.008229348748265863	-0.008133774811282787
0.4939090751960324	-0.009128836994446221	-0.011725343243626993
0.4939090751960324	-0.009128836994446221	-0.011725343243626993
0.4939090751960324	-0.009128836994446221	-0.011725343243626993
0.4958091373542848	-0.009933997184225607	-0.011286286112732219
0.4958091373542848	-0.009933997184225607	-0.011286286112732219
0.4958091373542848	-0.009933997184225607	-0.011286286112732219
0.4941215206292881	-0.009219175979895411	-0.015742002621297727
0.49452684412577647	-0.005352279449600816	-0.015742002621297727
0.49452684412577647	-0.005352279449600816	-0.015742002621297727
0.49452684412577647	-0.005352279449600816	-0.015742002621297727
0.494314572891595	-0.005260353328230716	-0.011725343243626993
0.4922111685780809	-0.004345069348668851	-0.008133774811282787
0.4945228810510187	-0.0013100707943658474	-0.007707197583163364
0.4945228810510187	-0.0013100707943658474	-0.007707197583163364
0.49411004055574503	-0.005171702181171911	-0.007707197583163364
0.4945228810510187	-0.0013100707943658474	-0.007707197583163364
0.49391314600949826	-0.0050862905541873005	-0.003685636189724298
0.49432615094287696	-0.001223193031586245	-0.003685636189724298
0.49201351413960165	-0.004258649642731038	-0.004096151070261053
0.4924281123179301	-0.0003813512220138815	-0.004096151070261053
0.4924281123179301	-0.0003813512220138815	-0.004096151070261053
0.49201351413960165	-0.004258649642731038	-0.004096151070261053
0.49391314600949826	-0.0050862905541873005	-0.003685636189724298
0.49391314600949826	-0.0050862905541873005	-0.003685636189724298
0.49391314600949826	-0.0050862905541873005	-0.003685636189724298
0.4958131925675234	-0.005907622941725199	-0.003278411261983971
0.4958131925675234	-0.005907622941725199	-0.003278411261983971
0.4958131925675234	-0.005907622941725199	-0.003278411261983971
0.4958131925675234	-0.005907622941725199	-0.003278411261983971
0.4958131925675234	-0.005907622941725199	-0.003278411261983971
0.49540892151030147	-0.00976492857020328	-0.003278411261983971
0.4958131925675234	-0.005907622941725199	-0.003278411261983971
0.4958131925675234	-0.005907622941725199	-0.003278411261983971
0.49771364906439924	-0.00672271715803241	-0.0028744370287772797
0.49771364906439924	-0.00672271715803241	-0.0028744370287772797
0.4958131925675234	-0.005907622941725199	-0.003278411261983971
0.4956246704563848	-0.005826418401955413	0.0007304642644164472
0.4960362503587818	-0.0019760294018993374	0.0007304642644164472
0.4960362503587818	-0.0019760294018993374	0.0007304642644164472
0.4960362503587818	-0.0019760294018993374	0.0007304642644164472
0.4960362503587818	-0.0019760294018993374	0.0007304642644164472
0.4956246704563848	-0.005826418401955413	0.0007304642644164472
0.49391314600949826	-0.0050862905541873005	-0.003685636189724298
0.49391314600949826	-0.0050862905541873005	-0.003685636189724298
0.49391314600949826	-0.0050862905541873005	-0.003685636189724298
0.49391314600949826	-0.0050862905541873005	-0.003685636189724298
0.49391314600949826	-0.0050862905541873005	-0.003685636189724298
0.49391314600949826	-0.0050862905541873005	-0.003685636189724298
0.49391314600949826	-0.0050862905541873005	-0.003685636189724298
0.49201351413960165	-0.004258649642731038	-0.004096151070261053
0.49372389839058833	-0.005004130434952847	0.00033921505110813543
0.49372389839058833	-0.005004130434952847	0.00033921505110813543
0.49372389839058833	-0.005004130434952847	0.00033921505110813543
0.49372389839058833	-0.005004130434952847	0.00033921505110813543
0.49372389839058833	-0.005004130434952847	0.00033921505110813543
0.4918235355663655	-0.004175519042827869	-0.000055197593238257014
0.4914159823662637	-0.008062723106999181	-0.000055197593238257014
0.49201351413960165	-0.004258649642731038	-0.004096151070261053
0.4918235355663655	-0.004175519042827869	-0.000055197593238257014
0.4901133294290209	-0.003424200124987342	-0.004510208556212855
0.49052953365623153	0.0004674049843145234	-0.004510208556212855
0.4903117498704268	-0.0035116442004243797	-0.008564030336464468
0.490727785810015	0.00037846219565018657	-0.008564030336464468
0.490727785810015	0.00037846219565018657	-0.008564030336464468
0.490727785810015	0.00037846219565018657	-0.008564030336464468
0.490727785810015	0.00037846219565018657	-0.008564030336464468
0.49093372725959655	0.00028614763170287105	-0.012614352957312322
0.49093372725959655	0.00028614763170287105	-0.012614352957312322
0.49093372725959655	0.00028614763170287105	-0.012614352957312322
0.490727785810015	0.00037846219565018657	-0.008564030336464468
0.49093372725959655	0.00028614763170287105	-0.012614352957312322
0.490727785810015	0.00037846219565018657	-0.008564030336464468
0.490727785810015	0.00037846219565018657	-0.008564030336464468
0.49052953365623153	0.0004674049843145234	-0.004510208556212855
0.4886323632609694	0.0013222802731025496	-0.004927425395985896
0.4909531540911006	0.004352353078837634	-0.004510208556212855
0.49052953365623153	0.0004674049843145234	-0.004510208556212855
0.4924281123179301	-0.0003813512220138815	-0.004096151070261053
0.4924281123179301	-0.0003813512220138815	-0.004096151070261053
0.4926256004086673	-0.00046925323294000343	-0.008133774811282787
0.49432615094287696	-0.001223193031586245	-0.003685636189724298
0.49432615094287696	-0.001223193031586245	-0.003685636189724298
0.49411004055574503	-0.005171702181171911	-0.007707197583163364
0.49600933287691273	-0.005992041952860072	-0.007284036197180321
0.4958131925675234	-0.005907622941725199	-0.003278411261983971
0.49600933287691273	-0.005992041952860072	-0.007284036197180321
0.49622461610544877	-0.002058628808916607	-0.003278411261983971
0.49622461610544877	-0.002058628808916607	-0.003278411261983971
0.49622461610544877	-0.002058628808916607	-0.003278411261983971
0.49622461610544877	-0.002058628808916607	-0.003278411261983971
0.49622461610544877	-0.002058628808916607	-0.003278411261983971
0.4960362503587818	-0.0019760294018993374	0.0007304642644164472
0.49793585551855973	-0.0028060865154653225	0.0011185878352965861
0.49817327587196003	0.0011036289415540246	0.005114701053157783
0.49645517198736083	0.0018679183927812204	0.0007304642644164472
0.49793585551855973	-0.0028060865154653225	0.0011185878352965861
0.4960362503587818	-0.0019760294018993374	0.0007304642644164472
0.49645517198736083	0.0018679183927812204	0.0007304642644164472
0.49645517198736083	0.0018679183927812204	0.0007304642644164472
0.49664337884643145	0.0017839313352534525	-0.003278411261983971
0.49474652058301527	0.002633397273498428	-0.003685636189724298
0.49285010086637904	0.003489365658794652	-0.004096151070261053
0.49285010086637904	0.003489365658794652	-0.004096151070261053
0.49285010086637904	0.003489365658794652	-0.004096151070261053
0.49266044489587346	0.0035753403176572718	-0.000055197593238257014
0.49266044489587346	0.0035753403176572718	-0.000055197593238257014
0.49058007706387746	0.004522883961603386	0.0036074163494841938
0.49058007706387746	0.004522883961603386	0.0036074163494841938
0.49058007706387746	0.004522883961603386	0.0036074163494841938
0.49058007706387746	0.004522883961603386	0.0036074163494841938
0.49058007706387746	0.004522883961603386	0.0036074163494841938
0.4901561341950134	0.000635125038347617	0.0036074163494841938
0.4901561341950134	0.000635125038347617	0.0036074163494841938
0.4901561341950134	0.000635125038347617	0.0036074163494841938
0.4901561341950134	0.000635125038347617	0.0036074163494841938
0.49223829375821626	-0.00029679484529787636	-0.000055197593238257014
0.49223829375821626	-0.00029679484529787636	-0.000055197593238257014
0.49223829375821626	-0.00029679484529787636	-0.000055197593238257014
0.49205615360545996	-0.00021559607464149977	0.003988957609407026
0.493955621494482	-0.0010593715397324566	0.004367229621383403
0.4943763061970102	0.0027999686611872576	0.004367229621383403
0.4943763061970102	0.0027999686611872576	0.004367229621383403
0.496101609681928	0.0020258716313950043	0.00875746629983827
0.496101609681928	0.0020258716313950043	0.00875746629983827
0.496101609681928	0.0020258716313950043	0.00875746629983827
0.496101609681928	0.0020258716313950043	0.00875746629983827
0.4942026719939907	0.0028781803891866353	0.008398280393627763
0.4942026719939907	0.0028781803891866353	0.008398280393627763
0.4943763061970102	0.0027999686611872576	0.004367229621383403
0.4962745794940539	0.0019485689098972525	0.004742465333651566
0.49455759186367765	0.0027183704642195217	0.00033921505110813543
0.49455759186367765	0.0027183704642195217	0.00033921505110813543
0.49622461610544877	-0.002058628808916607	-0.003278411261983971
0.49622461610544877	-0.002058628808916607	-0.003278411261983971
0.49622461610544877	-0.002058628808916607	-0.003278411261983971
0.4964205938576683	-0.0021444980133626945	-0.007284036197180321
0.4964205938576683	-0.0021444980133626945	-0.007284036197180321
0.4945228810510187	-0.0013100707943658474	-0.007707197583163364
0.4945228810510187	-0.0013100707943658474	-0.007707197583163364
0.49411004055574503	-0.005171702181171911	-0.007707197583163364
0.4945228810510187	-0.0013100707943658474	-0.007707197583163364
0.4945228810510187	-0.0013100707943658474	-0.007707197583163364
0.4945228810510187	-0.0013100707943658474	-0.007707197583163364
0.4945228810510187	-0.0013100707943658474	-0.007707197583163364
0.4945228810510187	-0.0013100707943658474	-0.007707197583163364
0.49432615094287696	-0.001223193031586245	-0.003685636189724298
0.49664337884643145	0.0017839313352534525	-0.003278411261983971
0.49664337884643145	0.0017839313352534525	-0.003278411261983971
0.49664337884643145	0.0017839313352534525	-0.003278411261983971
0.49664337884643145	0.0017839313352534525	-0.003278411261983971
0.49664337884643145	0.0017839313352534525	-0.003278411261983971
0.4987357383123852	0.0008545925058303094	-0.006864249937858877
0.4983187338912716	-0.0029726058710199954	-0.006864249937858877
0.4964205938576683	-0.0021444980133626945	-0.007284036197180321
0.496624174603895	-0.0022336250680983216	-0.011286286112732219
0.4962130823507176	-0.006079663677416081	-0.011286286112732219
0.4962130823507176	-0.006079663677416081	-0.011286286112732219
0.4962130823507176	-0.006079663677416081	-0.011286286112732219
0.4939090751960324	-0.009128836994446221	-0.011725343243626993
0.49411004055574503	-0.005171702181171911	-0.007707197583163364
0.4922111685780809	-0.004345069348668851	-0.008133774811282787
0.4924281123179301	-0.0003813512220138815	-0.004096151070261053
0.4924281123179301	-0.0003813512220138815	-0.004096151070261053
0.4909531540911006	0.004352353078837634	-0.004510208556212855
0.4911939495698211	0.008318962740013758	-0.00045301648527144855
0.4911939495698211	0.008318962740013758	-0.00045301648527144855
0.4888664997624607	0.005309575902491037	-0.0008538734778289342
0.4907627650433557	0.00443934536163848	-0.00045301648527144855
0.4888664997624607	0.005309575902491037	-0.0008538734778289342
0.48905762702262395	0.005221550578593748	-0.004927425395985896
0.4886323632609694	0.0013222802731025496	-0.004927425395985896
0.4886323632609694	0.0013222802731025496	-0.004927425395985896
0.48821454169350587	-0.0025837236177539413	-0.004927425395985896
0.48821454169350587	-0.0025837236177539413	-0.004927425395985896
0.4899226140167445	-0.003340083345973799	-0.00045301648527144855
0.49033898012497434	0.0005529633344465434	-0.00045301648527144855
0.49033898012497434	0.0005529633344465434	-0.00045301648527144855
0.4901561341950134	0.000635125038347617	0.0036074163494841938
0.49247846087316344	0.0036579009457495815	0.003988957609407026
0.49247846087316344	0.0036579009457495815	0.003988957609407026
0.4943763061970102	0.0027999686611872576	0.004367229621383403
0.4943763061970102	0.0027999686611872576	0.004367229621383403
0.49455759186367765	0.0027183704642195217	0.00033921505110813543
0.49413706149913506	-0.0011396226995350478	0.00033921505110813543
0.4960362503587818	-0.0019760294018993374	0.0007304642644164472
0.49413706149913506	-0.0011396226995350478	0.00033921505110813543
0.49413706149913506	-0.0011396226995350478	0.00033921505110813543
0.49413706149913506	-0.0011396226995350478	0.00033921505110813543
0.49455759186367765	0.0027183704642195217	0.00033921505110813543
0.49290814455129467	0.007524702599287503	0.003988957609407026
0.49101142201887726	0.008403870802929037	0.0036074163494841938
0.49101142201887726	0.008403870802929037	0.0036074163494841938
0.4889406185489195	0.009371721988171045	0.007302939894810373
0.4889406185489195	0.009371721988171045	0.007302939894810373
0.4891161207627489	0.009289369641120038	0.003222958856993016
0.4891161207627489	0.009289369641120038	0.003222958856993016
0.4886831028887739	0.00539410730584966	0.003222958856993016
0.4888664997624607	0.005309575902491037	-0.0008538734778289342
0.49033898012497434	0.0005529633344465434	-0.00045301648527144855
0.49223829375821626	-0.00029679484529787636	-0.000055197593238257014
0.49413706149913506	-0.0011396226995350478	0.00033921505110813543
0.493955621494482	-0.0010593715397324566	0.004367229621383403
0.49585550529262057	-0.0018967113087586807	0.004742465333651566
0.493955621494482	-0.0010593715397324566	0.004367229621383403
0.4962745794940539	0.0019485689098972525	0.004742465333651566
0.496101609681928	0.0020258716313950043	0.00875746629983827
0.4965281579830091	0.005865876750013044	0.00875746629983827
0.4965281579830091	0.005865876750013044	0.00875746629983827
0.4965281579830091	0.005865876750013044	0.00875746629983827
0.494630857859677	0.006732184942351616	0.008398280393627763
0.4944650269149477	0.006808227480590734	0.012432239653979313
0.4944650269149477	0.006808227480590734	0.012432239653979313
0.494630857859677	0.006732184942351616	0.008398280393627763
0.4923041573062328	0.0037370358427091244	0.008036185905473711
0.49213754235579305	0.003812733771559218	0.012086358064521338
0.49213754235579305	0.003812733771559218	0.012086358064521338
0.49023783838459467	0.004679552861627023	0.011737483054846135
0.489813599301816	0.0007892119828980526	0.011737483054846135
0.4899810044950722	0.0007138783486442257	0.007670959786752196
0.489813599301816	0.0007892119828980526	0.011737483054846135
0.489813599301816	0.0007892119828980526	0.011737483054846135
0.489813599301816	0.0007892119828980526	0.011737483054846135
0.48939678621339555	-0.0031078146695926456	0.011737483054846135
0.4912997422836694	-0.003945977480124485	0.012086358064521338
0.4911404731398136	-0.0038760817494627453	0.016141420242071658
0.4917149422917713	-0.00006331697579353701	0.012086358064521338
0.4936157231875824	-0.0009088714820033594	0.012432239653979313
0.4936157231875824	-0.0009088714820033594	0.012432239653979313
0.4955169102069071	-0.0017479629501819804	0.012775340942276739
0.4955169102069071	-0.0017479629501819804	0.012775340942276739
0.497418498693002	-0.0025806637368785967	0.013115695238760133
0.4975833453271924	-0.002652542814405967	0.009113778437815148
0.4956823892433541	-0.0018206856108493596	0.00875746629983827
0.4975833453271924	-0.002652542814405967	0.009113778437815148
0.4956823892433541	-0.0018206856108493596	0.00875746629983827
0.49585550529262057	-0.0018967113087586807	0.004742465333651566
0.493955621494482	-0.0010593715397324566	0.004367229621383403
0.493955621494482	-0.0010593715397324566	0.004367229621383403
0.493955621494482	-0.0010593715397324566	0.004367229621383403
0.4942026719939907	0.0028781803891866353	0.008398280393627763
0.4923041573062328	0.0037370358427091244	0.008036185905473711
0.4942026719939907	0.0028781803891866353	0.008398280393627763
0.4942026719939907	0.0028781803891866353	0.008398280393627763
0.4942026719939907	0.0028781803891866353	0.008398280393627763
0.4942026719939907	0.0028781803891866353	0.008398280393627763
0.4940366973221726	0.0029529946277371266	0.012432239653979313
0.4940366973221726	0.0029529946277371266	0.012432239653979313
0.4940366973221726	0.0029529946277371266	0.012432239653979313
0.496101609681928	0.0020258716313950043	0.00875746629983827
0.496101609681928	0.0020258716313950043	0.00875746629983827
0.496101609681928	0.0020258716313950043	0.00875746629983827
0.496101609681928	0.0020258716313950043	0.00875746629983827
0.496101609681928	0.0020258716313950043	0.00875746629983827
0.4942026719939907	0.0028781803891866353	0.008398280393627763
0.4942026719939907	0.0028781803891866353	0.008398280393627763
0.496101609681928	0.0020258716313950043	0.00875746629983827
0.4965281579830091	0.005865876750013044	0.00875746629983827
0.494630857859677	0.006732184942351616	0.008398280393627763
0.494630857859677	0.006732184942351616	0.008398280393627763
0.494630857859677	0.006732184942351616	0.008398280393627763
0.494630857859677	0.006732184942351616	0.008398280393627763
0.49480434180593036	0.006652689040166804	0.004367229621383403
0.49480434180593036	0.006652689040166804	0.004367229621383403
0.49290814455129467	0.007524702599287503	0.003988957609407026
0.49266044489587346	0.0035753403176572718	-0.000055197593238257014
0.49266044489587346	0.0035753403176572718	-0.000055197593238257014
0.49266044489587346	0.0035753403176572718	-0.000055197593238257014
0.49247846087316344	0.0036579009457495815	0.003988957609407026
0.49247846087316344	0.0036579009457495815	0.003988957609407026
0.49290814455129467	0.007524702599287503	0.003988957609407026
0.49101142201887726	0.008403870802929037	0.0036074163494841938
0.49101142201887726	0.008403870802929037	0.0036074163494841938
0.4908365974843359	0.008485256335481361	0.007670959786752196
0.4908365974843359	0.008485256335481361	0.007670959786752196
0.49040509875917887	0.004602956947822978	0.007670959786752196
0.49040509875917887	0.004602956947822978	0.007670959786752196
0.4923041573062328	0.0037370358427091244	0.008036185905473711
0.4927339929840441	0.00760513575322741	0.008036185905473711
0.4923041573062328	0.0037370358427091244	0.008036185905473711
0.4927339929840441	0.00760513575322741	0.008036185905473711
0.4927339929840441	0.00760513575322741	0.008036185905473711
0.49317118812943644	0.011466435228900673	0.008036185905473711
0.49317118812943644	0.011466435228900673	0.008036185905473711
0.4933451853661896	0.011384710899080108	0.003988957609407026
0.4933451853661896	0.011384710899080108	0.003988957609407026
0.4933451853661896	0.011384710899080108	0.003988957609407026
0.49290814455129467	0.007524702599287503	0.003988957609407026
0.49290814455129467	0.007524702599287503	0.003988957609407026
0.49266044489587346	0.0035753403176572718	-0.000055197593238257014
0.49033898012497434	0.0005529633344465434	-0.00045301648527144855
0.49033898012497434	0.0005529633344465434	-0.00045301648527144855
0.48825751292325237	0.0014919950611571586	0.003222958856993016
0.48825751292325237	0.0014919950611571586	0.003222958856993016
0.4901561341950134	0.000635125038347617	0.0036074163494841938
0.4899810044950722	0.0007138783486442257	0.007670959786752196
0.49040509875917887	0.004602956947822978	0.007670959786752196
0.49213754235579305	0.003812733771559218	0.012086358064521338
0.4925675234290218	0.007682075460552218	0.012086358064521338
0.4944650269149477	0.006808227480590734	0.012432239653979313
0.4944650269149477	0.006808227480590734	0.012432239653979313
0.49679696247461097	0.009775601124089484	0.012775340942276739
0.4966394562577565	0.009848525615059334	0.01679802186029751
0.49679696247461097	0.009775601124089484	0.012775340942276739
0.49679696247461097	0.009775601124089484	0.012775340942276739
0.49696201527782785	0.0096992335172712	0.00875746629983827
0.49696201527782785	0.0096992335172712	0.00875746629983827
0.49480434180593036	0.006652689040166804	0.004367229621383403
0.4949854707069693	0.006569750962925447	0.00033921505110813543
0.4949854707069693	0.006569750962925447	0.00033921505110813543
0.4949854707069693	0.006569750962925447	0.00033921505110813543
0.4949854707069693	0.006569750962925447	0.00033921505110813543
0.4949854707069693	0.006569750962925447	0.00033921505110813543
0.4943763061970102	0.0027999686611872576	0.004367229621383403
0.49480434180593036	0.006652689040166804	0.004367229621383403
0.494630857859677	0.006732184942351616	0.008398280393627763
0.49506637787876484	0.010579465664129373	0.008398280393627763
0.49506637787876484	0.010579465664129373	0.008398280393627763
0.49490069286777116	0.010656729850906377	0.012432239653979313
0.49696201527782785	0.0096992335172712	0.00875746629983827
0.49696201527782785	0.0096992335172712	0.00875746629983827
0.4967009792551249	0.005787303741243699	0.004742465333651566
0.4967009792551249	0.005787303741243699	0.004742465333651566
0.4987778031097615	0.00484744462860931	0.0011185878352965861
0.49835318031893805	0.0010239116317003472	0.0011185878352965861
0.49645517198736083	0.0018679183927812204	0.0007304642644164472
0.49664337884643145	0.0017839313352534525	-0.003278411261983971
0.4960362503587818	-0.0019760294018993374	0.0007304642644164472
0.49645517198736083	0.0018679183927812204	0.0007304642644164472
0.4962745794940539	0.0019485689098972525	0.004742465333651566
0.4943763061970102	0.0027999686611872576	0.004367229621383403
0.4942026719939907	0.0028781803891866353	0.008398280393627763
0.4927339929840441	0.00760513575322741	0.008036185905473711
0.494630857859677	0.006732184942351616	0.008398280393627763
0.4925675234290218	0.007682075460552218	0.012086358064521338
0.4925675234290218	0.007682075460552218	0.012086358064521338
0.4908365974843359	0.008485256335481361	0.007670959786752196
0.4925675234290218	0.007682075460552218	0.012086358064521338
0.4923041573062328	0.0037370358427091244	0.008036185905473711
0.4923041573062328	0.0037370358427091244	0.008036185905473711
0.49040509875917887	0.004602956947822978	0.007670959786752196
0.49040509875917887	0.004602956947822978	0.007670959786752196
0.4899810044950722	0.0007138783486442257	0.007670959786752196
0.4899810044950722	0.0007138783486442257	0.007670959786752196
0.4899810044950722	0.0007138783486442257	0.007670959786752196
0.4899810044950722	0.0007138783486442257	0.007670959786752196
0.4899810044950722	0.0007138783486442257	0.007670959786752196
0.4899810044950722	0.0007138783486442257	0.007670959786752196
0.4918817003894331	-0.0001377664301687176	0.008036185905473711
0.4918817003894331	-0.0001377664301687176	0.008036185905473711
0.4923041573062328	0.0037370358427091244	0.008036185905473711
0.49213754235579305	0.003812733771559218	0.012086358064521338
0.5005219851005548	0.08486010785390219	0.01988102880703836
0.5023828022345113	0.08371009025692588	0.02019709150309562
0.5005219851005548	0.08486010785390219	0.01988102880703836
0.5003809788790937	0.08494761759183445	0.023955702489531744
0.5018089301646594	0.07999002212663142	0.02019709150309562
0.5012423067718845	0.0762633977089644	0.02019709150309562
0.5012423067718845	0.0762633977089644	0.02019709150309562
0.5012423067718845	0.0762633977089644	0.02019709150309562
0.5012423067718845	0.0762633977089644	0.02019709150309562
0.502409086682357	0.07150773552961942	0.024552353138560856
0.5018583414889106	0.06777618378190509	0.024552353138560856
0.503728419929827	0.066692674923859	0.024846998505595005
0.503186698953778	0.06296571364535453	0.024846998505595005
0.5030540218276761	0.06304132685588115	0.028875096136312256
0.503186698953778	0.06296571364535453	0.024846998505595005
0.5026519823705066	0.059230770980367886	0.024846998505595005
0.5025191640664066	0.05930547801913644	0.028875096136312256
0.5021242925571318	0.0554879257989187	0.024846998505595005
0.5021242925571318	0.0554879257989187	0.024846998505595005
0.5021242925571318	0.0554879257989187	0.024846998505595005
0.5026519823705066	0.059230770980367886	0.024846998505595005
0.5026519823705066	0.059230770980367886	0.024846998505595005
0.5025191640664066	0.05930547801913644	0.028875096136312256
0.5025191640664066	0.05930547801913644	0.028875096136312256
0.5013145997086061	0.0640364851463866	0.024552353138560856
0.5013145997086061	0.0640364851463866	0.024552353138560856
0.4994431200607332	0.06511525927246753	0.02425531551927844
0.4994431200607332	0.06511525927246753	0.02425531551927844
0.49757130922512	0.06620268184235667	0.023955702489531744
0.4990458146282764	0.0612738391557861	0.02019709150309562
0.4990458146282764	0.0612738391557861	0.02019709150309562
0.497322093465593	0.06226130209971892	0.015808939154837123
0.4967887422677772	0.058481516155445945	0.015808939154837123
0.49507362067979344	0.05945806029320888	0.011385937299134105
0.49507362067979344	0.05945806029320888	0.011385937299134105
0.492671324450693	0.056716759067654055	0.011031508015918914
0.492671324450693	0.056716759067654055	0.011031508015918914
0.4906385445488359	0.05787677079904108	0.014795570797382168
0.4911710789623102	0.06170650340528905	0.014795570797382168
0.491019619614125	0.06179451618717624	0.01891769170044165
0.4915592304605824	0.06561502346105774	0.01891769170044165
0.4914156524837197	0.06569962545620123	0.023042493522129157
0.4936963207570014	0.06848116255172365	0.02745986690796852
0.4954393897996	0.06745164587622088	0.03184359549676985
0.4958703537367404	0.07130293600427273	0.03594188141573668
0.495320038635628	0.06752189786696183	0.03594188141573668
0.4954393897996	0.06745164587622088	0.03184359549676985
0.49489630261500234	0.06366308828606426	0.03184359549676985
0.49502346111169315	0.06358925222590384	0.027747520186145305
0.49689623062969596	0.06250636338424798	0.02803282723500515
0.4964968871362639	0.058647195305015165	0.023955702489531744
0.4961123310995202	0.05477564592012274	0.01988102880703836
0.4942365912252957	0.055830291780919916	0.019562543090874074
0.4942365912252957	0.055830291780919916	0.019562543090874074
0.4964968871362639	0.058647195305015165	0.023955702489531744
0.4964968871362639	0.058647195305015165	0.023955702489531744
0.49636242183408685	0.05872359619706535	0.02803282723500515
0.4944876306299279	0.05979332206753307	0.027747520186145305
0.4943603343078811	0.05986626125515193	0.03184359549676985
0.4929037365510633	0.06482527735069277	0.03568779249814375
0.49344901674742453	0.06862784321571258	0.03568779249814375
0.4915786325726536	0.06974218829749801	0.035431603196443236
0.49103127535728314	0.06592636987106681	0.035431603196443236
0.48915944401595685	0.0670358729910221	0.035173287392877374
0.48915944401595685	0.0670358729910221	0.035173287392877374
0.4887381709627354	0.06312713234730927	0.03102419924205968
0.4887381709627354	0.06312713234730927	0.03102419924205968
0.4887381709627354	0.06312713234730927	0.03102419924205968
0.4907398783204805	0.06195722205676368	0.027169838387770456
0.4907398783204805	0.06195722205676368	0.027169838387770456
0.4907398783204805	0.06195722205676368	0.027169838387770456
0.49115166870326316	0.06585530995248567	0.031299587906090276
0.49115166870326316	0.06585530995248567	0.031299587906090276
0.4935688203482874	0.06855676630208185	0.03157271072109927
0.49344901674742453	0.06862784321571258	0.03568779249814375
0.4921331314217729	0.07354946329788503	0.035431603196443236
0.4920207304270827	0.07361758212226222	0.03956574491629217
0.4920207304270827	0.07361758212226222	0.03956574491629217
0.4920207304270827	0.07361758212226222	0.03956574491629217
0.49400141616193777	0.07242195967363863	0.03568779249814375
0.49400141616193777	0.07242195967363863	0.03568779249814375
0.49344901674742453	0.06862784321571258	0.03568779249814375
0.495320038635628	0.06752189786696183	0.03594188141573668
0.495320038635628	0.06752189786696183	0.03594188141573668
0.4954393897996	0.06745164587622088	0.03184359549676985
0.4954393897996	0.06745164587622088	0.03184359549676985
0.49489630261500234	0.06366308828606426	0.03184359549676985
0.49489630261500234	0.06366308828606426	0.03184359549676985
0.4943603343078811	0.05986626125515193	0.03184359549676985
0.493831239114133	0.05605929712986679	0.03184359549676985
0.493831239114133	0.05605929712986679	0.03184359549676985
0.493831239114133	0.05605929712986679	0.03184359549676985
0.49570851282583395	0.05500199486414714	0.0321122695901994
0.49570851282583395	0.05500199486414714	0.0321122695901994
0.49706961548358597	0.0501656233607064	0.03237889581200949
0.49706961548358597	0.0501656233607064	0.03237889581200949
0.49706961548358597	0.0501656233607064	0.03237889581200949
0.49907612350321867	0.04906865982482622	0.028596659501631053
0.49907612350321867	0.04906865982482622	0.028596659501631053
0.5009565881131818	0.048048874687875553	0.028875096136312256
0.5010898205920771	0.04797692306370149	0.024846998505595005
0.5010898205920771	0.04797692306370149	0.024846998505595005
0.5010898205920771	0.04797692306370149	0.024846998505595005
0.5010898205920771	0.04797692306370149	0.024846998505595005
0.5010898205920771	0.04797692306370149	0.024846998505595005
0.4992098578533881	0.04899587191984045	0.024552353138560856
0.49959175985398313	0.05284108918482766	0.028596659501631053
0.49959175985398313	0.05284108918482766	0.028596659501631053
0.49959175985398313	0.05284108918482766	0.028596659501631053
0.4975873311289185	0.05395211804929789	0.03237889581200949
0.4975873311289185	0.05395211804929789	0.03237889581200949
0.4977138021081995	0.05388174219502928	0.028315960908395235
0.4977138021081995	0.05388174219502928	0.028315960908395235
0.4971962181533564	0.05009613790252776	0.028315960908395235
0.4973304580186096	0.05002250087494153	0.02425531551927844
0.49747232889679405	0.04994472266931882	0.02019709150309562
0.49935119477477974	0.048918990083726355	0.020510438949947002
0.49986654737639724	0.052689498933339296	0.020510438949947002
0.49986654737639724	0.052689498933339296	0.020510438949947002
0.49986654737639724	0.052689498933339296	0.020510438949947002
0.5003892610738164	0.05645411238731346	0.020510438949947002
0.5002482174411019	0.05653296138979402	0.024552353138560856
0.5002482174411019	0.05653296138979402	0.024552353138560856
0.49837273335125387	0.05758584081985241	0.02425531551927844
0.49837273335125387	0.05758584081985241	0.02425531551927844
0.49837273335125387	0.05758584081985241	0.02425531551927844
0.4959700711978496	0.05485534201922393	0.023955702489531744
0.4942365912252957	0.055830291780919916	0.019562543090874074
0.4937153619678043	0.05202006166387241	0.019562543090874074
0.4913222252788897	0.04923758573187187	0.019241441486782668
0.4913222252788897	0.04923758573187187	0.019241441486782668
0.49147359137190677	0.049153848803860756	0.015136132810100372
0.49096496655973326	0.0453152222645552	0.015136132810100372
0.49096496655973326	0.0453152222645552	0.015136132810100372
0.49269447426473134	0.044375693693416984	0.019562543090874074
0.4932013154868912	0.04820183347824014	0.019562543090874074
0.4937153619678043	0.05202006166387241	0.019562543090874074
0.49357241120022094	0.05209967476069499	0.023653791026539056
0.4937153619678043	0.05202006166387241	0.019562543090874074
0.4940937912593114	0.05591092267244746	0.023653791026539056
0.4940937912593114	0.05591092267244746	0.023653791026539056
0.4940937912593114	0.05591092267244746	0.023653791026539056
0.4922181081756339	0.05697452567352501	0.02334939825694546
0.4922181081756339	0.05697452567352501	0.02334939825694546
0.49236145214770827	0.05689294551441293	0.019241441486782668
0.49183823570153634	0.053069309450753055	0.019241441486782668
0.49183823570153634	0.053069309450753055	0.019241441486782668
0.49183823570153634	0.053069309450753055	0.019241441486782668
0.4913222252788897	0.04923758573187187	0.019241441486782668
0.4932013154868912	0.04820183347824014	0.019562543090874074
0.4932013154868912	0.04820183347824014	0.019562543090874074
0.4932013154868912	0.04820183347824014	0.019562543090874074
0.4932013154868912	0.04820183347824014	0.019562543090874074
0.495080977781413	0.04717391916106073	0.01988102880703836
0.495080977781413	0.04717391916106073	0.01988102880703836
0.49682015199466295	0.046230011056981324	0.02425531551927844
0.49682015199466295	0.046230011056981324	0.02425531551927844
0.4966857742084023	0.04630269822258293	0.028315960908395235
0.4971962181533564	0.05009613790252776	0.028315960908395235
0.4971962181533564	0.05009613790252776	0.028315960908395235
0.4971962181533564	0.05009613790252776	0.028315960908395235
0.49518883289609833	0.05120222587055223	0.0321122695901994
0.49518883289609833	0.05120222587055223	0.0321122695901994
0.49570851282583395	0.05500199486414714	0.0321122695901994
0.49395867178742797	0.055987261430564095	0.027747520186145305
0.4958354630288156	0.054930795239091834	0.02803282723500515
0.4971962181533564	0.05009613790252776	0.028315960908395235
0.4971962181533564	0.05009613790252776	0.028315960908395235
0.49907612350321867	0.04906865982482622	0.028596659501631053
0.49907612350321867	0.04906865982482622	0.028596659501631053
0.4992098578533881	0.04899587191984045	0.024552353138560856
0.5009565881131818	0.048048874687875553	0.028875096136312256
0.5028376057088412	0.04703669874850869	0.029151298001434817
0.5027124237633281	0.04710381534616559	0.03316552359232994
0.5027124237633281	0.04710381534616559	0.03316552359232994
0.5031068297866766	0.05091491253998215	0.0371818294762853
0.501226822543447	0.05194162532185942	0.03693786631111659
0.501226822543447	0.05194162532185942	0.03693786631111659
0.501226822543447	0.05194162532185942	0.03693786631111659
0.501226822543447	0.05194162532185942	0.03693786631111659
0.5013447675282948	0.05187697808324021	0.032905428464371236
0.5008309360103467	0.04811676892383998	0.032905428464371236
0.5008309360103467	0.04811676892383998	0.032905428464371236
0.5003242003141563	0.04434888960911665	0.032905428464371236
0.5003242003141563	0.04434888960911665	0.032905428464371236
0.5023328942743049	0.04328279124788259	0.029151298001434817
0.5023328942743049	0.04328279124788259	0.029151298001434817
0.5017098437682881	0.03958675959498903	0.03316552359232994
0.5022075865227446	0.04334903912237231	0.03316552359232994
0.5003242003141563	0.04434888960911665	0.032905428464371236
0.5008309360103467	0.04811676892383998	0.032905428464371236
0.49883148662749827	0.04920191363047777	0.03669192715074459
0.49706961548358597	0.0501656233607064	0.03237889581200949
0.49570851282583395	0.05500199486414714	0.0321122695901994
0.49558922647390147	0.05506893076825081	0.036193895641557026
0.4937114991915825	0.0561270194457506	0.03594188141573668
0.4937114991915825	0.0561270194457506	0.03594188141573668
0.4937114991915825	0.0561270194457506	0.03594188141573668
0.49195455499466617	0.05712464843117626	0.03157271072109927
0.4933095815631397	0.0522461765581097	0.03184359549676985
0.4934371489571899	0.05217504999284284	0.027747520186145305
0.4934371489571899	0.05217504999284284	0.027747520186145305
0.49292281234083696	0.04835482729185392	0.027747520186145305
0.4924156844567403	0.04452667990235781	0.027747520186145305
0.4925512272099218	0.044453250926750565	0.023653791026539056
0.49393550609365994	0.039616525062030616	0.023955702489531744
0.4919157875998696	0.04069069568769801	0.027747520186145305
0.49380034330992517	0.0396881265248914	0.02803282723500515
0.4912950534963689	0.036914393717082605	0.03184359549676985
0.49318198117226464	0.03592472872088748	0.0321122695901994
0.4936728697670148	0.03975569182601335	0.0321122695901994
0.4936728697670148	0.03975569182601335	0.0321122695901994
0.49417098918592944	0.04357898780422609	0.0321122695901994
0.4940513316063423	0.043643369690809175	0.036193895641557026
0.4940513316063423	0.043643369690809175	0.036193895641557026
0.49417098918592944	0.04357898780422609	0.0321122695901994
0.49417098918592944	0.04357898780422609	0.0321122695901994
0.49417098918592944	0.04357898780422609	0.0321122695901994
0.4919157875998696	0.04069069568769801	0.027747520186145305
0.4924156844567403	0.04452667990235781	0.027747520186145305
0.4924156844567403	0.04452667990235781	0.027747520186145305
0.4906696474013855	0.04547633561217457	0.02334939825694546
0.4906696474013855	0.04547633561217457	0.02334939825694546
0.49081344360765017	0.045397861540505735	0.019241441486782668
0.4913222252788897	0.04923758573187187	0.019241441486782668
0.4911785780222912	0.049317102032447435	0.02334939825694546
0.4911785780222912	0.049317102032447435	0.02334939825694546
0.49155896027435003	0.05322612550648209	0.02745986690796852
0.49292281234083696	0.04835482729185392	0.027747520186145305
0.49292281234083696	0.04835482729185392	0.027747520186145305
0.49279511180306973	0.048425038663373776	0.03184359549676985
0.49279511180306973	0.048425038663373776	0.03184359549676985
0.4926751200598626	0.04849104602840071	0.03594188141573668
0.494556782269741	0.04745976700343646	0.036193895641557026
0.494556782269741	0.04745976700343646	0.036193895641557026
0.494556782269741	0.04745976700343646	0.036193895641557026
0.494556782269741	0.04745976700343646	0.036193895641557026
0.494556782269741	0.04745976700343646	0.036193895641557026
0.494556782269741	0.04745976700343646	0.036193895641557026
0.494556782269741	0.04745976700343646	0.036193895641557026
0.494556782269741	0.04745976700343646	0.036193895641557026
0.494556782269741	0.04745976700343646	0.036193895641557026
0.4950694213279588	0.05126831601536974	0.036193895641557026
0.4950694213279588	0.05126831601536974	0.036193895641557026
0.494556782269741	0.04745976700343646	0.036193895641557026
0.49467631758555003	0.047394528212767684	0.0321122695901994
0.49467631758555003	0.047394528212767684	0.0321122695901994
0.49279511180306973	0.048425038663373776	0.03184359549676985
0.49480353261572413	0.047325133948836084	0.02803282723500515
0.4924156844567403	0.04452667990235781	0.027747520186145305
0.4924156844567403	0.04452667990235781	0.027747520186145305
0.49480353261572413	0.047325133948836084	0.02803282723500515
0.49443336091833445	0.043437931344857406	0.023955702489531744
0.49631700635883913	0.04242977714898388	0.02425531551927844
0.49682015199466295	0.046230011056981324	0.02425531551927844
0.49820022933154096	0.04142973568660735	0.024552353138560856
0.49870147496573536	0.04521663323280434	0.024552353138560856
0.5004499796473171	0.04428187314744636	0.028875096136312256
0.4985676042484108	0.0452884811184433	0.028596659501631053
0.49995048705046785	0.040507290851857336	0.028875096136312256
0.4985676042484108	0.0452884811184433	0.028596659501631053
0.4985676042484108	0.0452884811184433	0.028596659501631053
0.4966857742084023	0.04630269822258293	0.028315960908395235
0.4966857742084023	0.04630269822258293	0.028315960908395235
0.4966857742084023	0.04630269822258293	0.028315960908395235
0.4966857742084023	0.04630269822258293	0.028315960908395235
0.4961824923090294	0.04250150831685495	0.028315960908395235
0.4961824923090294	0.04250150831685495	0.028315960908395235
0.4985676042484108	0.0452884811184433	0.028596659501631053
0.49806622388895233	0.041500637529211515	0.028596659501631053
0.4994581316717148	0.03672521277353047	0.028875096136312256
0.4994581316717148	0.03672521277353047	0.028875096136312256
0.5013447714238177	0.03575256704586072	0.029151298001434817
0.5013447714238177	0.03575256704586072	0.029151298001434817
0.5008614020295435	0.03197642004856571	0.029151298001434817
0.5008614020295435	0.03197642004856571	0.029151298001434817
0.5009946598218388	0.03190900960793841	0.02513928035365262
0.5008614020295435	0.03197642004856571	0.029151298001434817
0.5013447714238177	0.03575256704586072	0.029151298001434817
0.4994581316717148	0.03672521277353047	0.028875096136312256
0.49757200400545043	0.037705214743285254	0.028596659501631053
0.4958210429096369	0.03862188550517609	0.02425531551927844
0.4958210429096369	0.03862188550517609	0.02425531551927844
0.4958210429096369	0.03862188550517609	0.02425531551927844
0.49443336091833445	0.043437931344857406	0.023955702489531744
0.49443336091833445	0.043437931344857406	0.023955702489531744
0.49457606283968086	0.043361276898987944	0.01988102880703836
0.49219486056032724	0.04054173006402784	0.019562543090874074
0.49219486056032724	0.04054173006402784	0.019562543090874074
0.49407835180768644	0.03954089766012703	0.01988102880703836
0.4958210429096369	0.03862188550517609	0.02425531551927844
0.4958210429096369	0.03862188550517609	0.02425531551927844
0.4958210429096369	0.03862188550517609	0.02425531551927844
0.4953322832210717	0.03480642371641185	0.02425531551927844
0.49519750168392407	0.034876224689512014	0.028315960908395235
0.49471583591087925	0.031052307487649866	0.028315960908395235
0.49660513086958735	0.03009198040278127	0.028596659501631053
0.49673953047145336	0.03002395231421473	0.024552353138560856
0.49673953047145336	0.03002395231421473	0.024552353138560856
0.4948507486384152	0.030983480603745672	0.02425531551927844
0.4948507486384152	0.030983480603745672	0.02425531551927844
0.4948507486384152	0.030983480603745672	0.02425531551927844
0.49499333023082237	0.030910783458786506	0.02019709150309562
0.4954747262434281	0.034732697627104514	0.02019709150309562
0.49310462841165864	0.03187728262769873	0.01988102880703836
0.4954747262434281	0.034732697627104514	0.02019709150309562
0.49296150054137083	0.03195083654088626	0.023955702489531744
0.4917024964050925	0.03670003162394675	0.019562543090874074
0.49155896027435	0.036775506331114594	0.023653791026539056
0.4896735676764675	0.0377711363027049	0.02334939825694546
0.4901679698552324	0.04162765041855021	0.02334939825694546
0.4900317678936744	0.041700954835252046	0.02745986690796852
0.4919157875998696	0.04069069568769801	0.027747520186145305
0.49155896027435	0.036775506331114594	0.023653791026539056
0.49155896027435	0.036775506331114594	0.023653791026539056
0.49155896027435	0.036775506331114594	0.023653791026539056
0.49393550609365994	0.039616525062030616	0.023955702489531744
0.49155896027435	0.036775506331114594	0.023653791026539056
0.49155896027435	0.036775506331114594	0.023653791026539056
0.49155896027435	0.036775506331114594	0.023653791026539056
0.49155896027435	0.036775506331114594	0.023653791026539056
0.49155896027435	0.036775506331114594	0.023653791026539056
0.4920514680569503	0.04061824933854563	0.023653791026539056
0.49393550609365994	0.039616525062030616	0.023955702489531744
0.49393550609365994	0.039616525062030616	0.023955702489531744
0.49393550609365994	0.039616525062030616	0.023955702489531744
0.4958210429096369	0.03862188550517609	0.02425531551927844
0.4958210429096369	0.03862188550517609	0.02425531551927844
0.4958210429096369	0.03862188550517609	0.02425531551927844
0.49770614251483775	0.03763526491644176	0.024552353138560856
0.49770614251483775	0.03763526491644176	0.024552353138560856
0.49757200400545043	0.037705214743285254	0.028596659501631053
0.49757200400545043	0.037705214743285254	0.028596659501631053
0.4994581316717148	0.03672521277353047	0.028875096136312256
0.4994581316717148	0.03672521277353047	0.028875096136312256
0.5013447714238177	0.03575256704586072	0.029151298001434817
0.5013447714238177	0.03575256704586072	0.029151298001434817
0.5013447714238177	0.03575256704586072	0.029151298001434817
0.5035956217968937	0.03860746723880415	0.03342353836042734
0.5031068336685559	0.034850952257940326	0.03342353836042734
0.5032319175022586	0.034787197082556176	0.029425291852658242
0.5032319175022586	0.034787197082556176	0.029425291852658242
0.5032319175022586	0.034787197082556176	0.029425291852658242
0.5032319175022586	0.034787197082556176	0.029425291852658242
0.5032319175022586	0.034787197082556176	0.029425291852658242
0.5013447714238177	0.03575256704586072	0.029151298001434817
0.501835275805717	0.03952138592546106	0.029151298001434817
0.5000839875750873	0.040437205751317595	0.024846998505595005
0.5000839875750873	0.040437205751317595	0.024846998505595005
0.5000839875750873	0.040437205751317595	0.024846998505595005
0.5000839875750873	0.040437205751317595	0.024846998505595005
0.48765230117984676	0.09867272910595926	-0.028352531463467875
0.4914159823662637	0.010134351072661252	-0.0042417937760735325
0.4918235355663655	0.014021555136832564	-0.0042417937760735325
0.4916412417566289	0.014101384847903686	-0.0001976385734282493
0.4912335373160102	0.010212803908808077	-0.0001976385734282493
0.4912335373160102	0.010212803908808077	-0.0001976385734282493
0.49105879185796075	0.010288001736657337	0.0038495897226384357
0.49105879185796075	0.010288001736657337	0.0038495897226384357
0.4908334760598547	0.0063198168384761555	-0.0001976385734282493
0.4927376573045742	0.005518962910329384	0.00018063343854812786
0.4923465653185772	0.0016341331566116502	0.00018063343854812786
0.4938704651798891	-0.0030227638526323375	0.0005558691508162905
0.49349572912842926	-0.006905239413442121	0.0005558691508162905
0.49349572912842926	-0.006905239413442121	0.0005558691508162905
0.49312844308253	-0.010793557056992809	0.0005558691508162905
0.49522024944361875	-0.011593790777936652	-0.0030680083475386893
0.49486195103887304	-0.01547196010778018	-0.0030680083475386893
0.49486195103887304	-0.01547196010778018	-0.0030680083475386893
0.49522024944361875	-0.011593790777936652	-0.0030680083475386893
0.49522024944361875	-0.011593790777936652	-0.0030680083475386893
0.49522024944361875	-0.011593790777936652	-0.0030680083475386893
0.4955859852235533	-0.00772128734926647	-0.0030680083475386893
0.4955859852235533	-0.00772128734926647	-0.0030680083475386893
0.4976866221599692	-0.004537124038645146	0.0012973763291056067
0.49615906828858825	0.00007936826806220765	0.0009281048703225075
0.49615906828858825	0.00007936826806220765	0.0009281048703225075
0.4959860581931714	0.00014939478405184836	0.004927182254979873
0.49637428264063	0.004006917124537379	0.004927182254979873
0.4944686784074397	0.004796401963527819	0.004570870117002995
0.4946422192342664	0.004724247562243544	0.0005558691508162905
0.4946422192342664	0.004724247562243544	0.0005558691508162905
0.4927376573045742	0.005518962910329384	0.00018063343854812786
0.4929195456329562	0.005442795597124572	-0.00384738113172714
0.4906236054420945	0.002344858174252895	-0.0042417937760735325
0.4910160697594326	0.006242747188028641	-0.0042417937760735325
0.4906236054420945	0.002344858174252895	-0.0042417937760735325
0.4923465653185772	0.0016341331566116502	0.00018063343854812786
0.4927376573045742	0.005518962910329384	0.00018063343854812786
0.4908334760598547	0.0063198168384761555	-0.0001976385734282493
0.49256344545956715	0.005591969494989968	0.004211684210792488
0.4929621027685597	0.009471889948309942	0.004211684210792488
0.4927957102704933	0.009542979555990705	0.008245643471144037
0.4927957102704933	0.009542979555990705	0.008245643471144037
0.49320212334599695	0.013419801682924337	0.008245643471144037
0.4912997422836694	0.014251096699535948	0.007899761881686063
0.4912997422836694	0.014251096699535948	0.007899761881686063
0.49146664126164247	0.01417790233189642	0.0038495897226384357
0.49146664126164247	0.01417790233189642	0.0038495897226384357
0.4931361737786024	0.009397572252734854	0.00018063343854812786
0.4927376573045742	0.005518962910329384	0.00018063343854812786
0.49252859807527927	0.0015593405935128146	-0.00384738113172714
0.49271830479595535	0.001481455006725696	-0.007872232372559573
0.4942410584694477	-0.0031708710218132374	-0.007465007444819247
0.4942410584694477	-0.0031708710218132374	-0.007465007444819247
0.4942410584694477	-0.0031708710218132374	-0.007465007444819247
0.4942410584694477	-0.0031708710218132374	-0.007465007444819247
0.4942410584694477	-0.0031708710218132374	-0.007465007444819247
0.4921450901868269	-0.0023302255714054976	-0.00384738113172714
0.49252859807527927	0.0015593405935128146	-0.00384738113172714
0.4923465653185772	0.0016341331566116502	0.00018063343854812786
0.4923465653185772	0.0016341331566116502	0.00018063343854812786
0.4923465653185772	0.0016341331566116502	0.00018063343854812786
0.4923465653185772	0.0016341331566116502	0.00018063343854812786
0.4923465653185772	0.0016341331566116502	0.00018063343854812786
0.49252859807527927	0.0015593405935128146	-0.00384738113172714
0.49252859807527927	0.0015593405935128146	-0.00384738113172714
0.4921450901868269	-0.0023302255714054976	-0.00384738113172714
0.4921450901868269	-0.0023302255714054976	-0.00384738113172714
0.492334944680956	-0.0024066725009572743	-0.007872232372559573
0.4921450901868269	-0.0023302255714054976	-0.00384738113172714
0.4940519364581016	-0.0030953169375120826	-0.0034561319184188283
0.494433965302749	0.000779846738901746	-0.0034561319184188283
0.494433965302749	0.000779846738901746	-0.0034561319184188283
0.4927376573045742	0.005518962910329384	0.00018063343854812786
0.4946422192342664	0.004724247562243544	0.0005558691508162905
0.4946422192342664	0.004724247562243544	0.0005558691508162905
0.49654715746845235	0.003935601810668876	0.0009281048703225075
0.4946422192342664	0.004724247562243544	0.0005558691508162905
0.49425263429141175	0.0008537660028338223	0.0005558691508162905
0.4948234074798807	0.0046489686813036	-0.0034561319184188283
0.494433965302749	0.000779846738901746	-0.0034561319184188283
0.4946229412431251	0.0007028698773525743	-0.007465007444819247
0.4948195533535433	0.0006228461956916398	-0.011470632380015597
0.49253247012862	-0.0024861444383545983	-0.01189379376599864
0.49253247012862	-0.0024861444383545983	-0.01189379376599864
0.49271830479595535	0.001481455006725696	-0.007872232372559573
0.49081404847049764	0.0022660496348219095	-0.008282747253096329
0.49081404847049764	0.0022660496348219095	-0.008282747253096329
0.49081404847049764	0.0022660496348219095	-0.008282747253096329
0.4910160697594326	0.006242747188028641	-0.0042417937760735325
0.4910160697594326	0.006242747188028641	-0.0042417937760735325
0.4912335373160102	0.010212803908808077	-0.0001976385734282493
0.4912335373160102	0.010212803908808077	-0.0001976385734282493
0.4908334760598547	0.0063198168384761555	-0.0001976385734282493
0.4908334760598547	0.0063198168384761555	-0.0001976385734282493
0.4931361737786024	0.009397572252734854	0.00018063343854812786
0.4931361737786024	0.009397572252734854	0.00018063343854812786
0.4931361737786024	0.009397572252734854	0.00018063343854812786
0.4927376573045742	0.005518962910329384	0.00018063343854812786
0.49256344545956715	0.005591969494989968	0.004211684210792488
0.4908334760598547	0.0063198168384761555	-0.0001976385734282493
0.4908334760598547	0.0063198168384761555	-0.0001976385734282493
0.4923465653185772	0.0016341331566116502	0.00018063343854812786
0.4940519364581016	-0.0030953169375120826	-0.0034561319184188283
0.4940519364581016	-0.0030953169375120826	-0.0034561319184188283
0.4940519364581016	-0.0030953169375120826	-0.0034561319184188283
0.4940519364581016	-0.0030953169375120826	-0.0034561319184188283
0.4940519364581016	-0.0030953169375120826	-0.0034561319184188283
0.4940519364581016	-0.0030953169375120826	-0.0034561319184188283
0.494433965302749	0.000779846738901746	-0.0034561319184188283
0.494433965302749	0.000779846738901746	-0.0034561319184188283
0.49425263429141175	0.0008537660028338223	0.0005558691508162905
0.4946422192342664	0.004724247562243544	0.0005558691508162905
0.4946422192342664	0.004724247562243544	0.0005558691508162905
0.4927376573045742	0.005518962910329384	0.00018063343854812786
0.4904408656260202	0.0024205377225920977	-0.0001976385734282493
0.4927376573045742	0.005518962910329384	0.00018063343854812786
0.4927376573045742	0.005518962910329384	0.00018063343854812786
0.4923465653185772	0.0016341331566116502	0.00018063343854812786
0.49252859807527927	0.0015593405935128146	-0.00384738113172714
0.49252859807527927	0.0015593405935128146	-0.00384738113172714
0.494433965302749	0.000779846738901746	-0.0034561319184188283
0.49252859807527927	0.0015593405935128146	-0.00384738113172714
0.494433965302749	0.000779846738901746	-0.0034561319184188283
0.49425263429141175	0.0008537660028338223	0.0005558691508162905
0.49425263429141175	0.0008537660028338223	0.0005558691508162905
0.49425263429141175	0.0008537660028338223	0.0005558691508162905
0.49425263429141175	0.0008537660028338223	0.0005558691508162905
0.4940789566263676	0.0009246172986814294	0.004570870117002995
0.49217221504062986	0.001705822121755629	0.004211684210792488
0.4923465653185772	0.0016341331566116502	0.00018063343854812786
0.4923465653185772	0.0016341331566116502	0.00018063343854812786
0.4923465653185772	0.0016341331566116502	0.00018063343854812786
0.4927376573045742	0.005518962910329384	0.00018063343854812786
0.4908334760598547	0.0063198168384761555	-0.0001976385734282493
0.4908334760598547	0.0063198168384761555	-0.0001976385734282493
0.4908334760598547	0.0063198168384761555	-0.0001976385734282493
0.4906585881221279	0.006393688956598753	0.0038495897226384357
0.49256344545956715	0.005591969494989968	0.004211684210792488
0.4902658376360727	0.0024930774969835756	0.0038495897226384357
0.4902658376360727	0.0024930774969835756	0.0038495897226384357
0.4900557239222903	-0.0014849298488615048	-0.0001976385734282493
0.49023860730260727	-0.0015592124778278649	-0.0042417937760735325
0.49023860730260727	-0.0015592124778278649	-0.0042417937760735325
0.49023860730260727	-0.0015592124778278649	-0.0042417937760735325
0.49023860730260727	-0.0015592124778278649	-0.0042417937760735325
0.49023860730260727	-0.0015592124778278649	-0.0042417937760735325
0.49023860730260727	-0.0015592124778278649	-0.0042417937760735325
0.4889092019629002	0.0030571286458624947	-0.00869680473904813
0.4887180166568447	0.003136875126004357	-0.004639612668106724
0.4906236054420945	0.002344858174252895	-0.0042417937760735325
0.4906236054420945	0.002344858174252895	-0.0042417937760735325
0.4906236054420945	0.002344858174252895	-0.0042417937760735325
0.4904408656260202	0.0024205377225920977	-0.0001976385734282493
0.4904408656260202	0.0024205377225920977	-0.0001976385734282493
0.4904408656260202	0.0024205377225920977	-0.0001976385734282493
0.4904408656260202	0.0024205377225920977	-0.0001976385734282493
0.4902658376360727	0.0024930774969835756	0.0038495897226384357
0.4902658376360727	0.0024930774969835756	0.0038495897226384357
0.4902658376360727	0.0024930774969835756	0.0038495897226384357
0.4898805583262108	-0.0014137289571345413	0.0038495897226384357
0.4900557239222903	-0.0014849298488615048	-0.0001976385734282493
0.4900557239222903	-0.0014849298488615048	-0.0001976385734282493
0.4900557239222903	-0.0014849298488615048	-0.0001976385734282493
0.4900557239222903	-0.0014849298488615048	-0.0001976385734282493
0.4906236054420945	0.002344858174252895	-0.0042417937760735325
0.4904408656260202	0.0024205377225920977	-0.0001976385734282493
0.4904408656260202	0.0024205377225920977	-0.0001976385734282493
0.4908334760598547	0.0063198168384761555	-0.0001976385734282493
0.4906585881221279	0.006393688956598753	0.0038495897226384357
0.49256344545956715	0.005591969494989968	0.004211684210792488
0.49256344545956715	0.005591969494989968	0.004211684210792488
0.49256344545956715	0.005591969494989968	0.004211684210792488
0.49256344545956715	0.005591969494989968	0.004211684210792488
0.49256344545956715	0.005591969494989968	0.004211684210792488
0.4927376573045742	0.005518962910329384	0.00018063343854812786
0.4923465653185772	0.0016341331566116502	0.00018063343854812786
0.4923465653185772	0.0016341331566116502	0.00018063343854812786
0.4923465653185772	0.0016341331566116502	0.00018063343854812786
0.494433965302749	0.000779846738901746	-0.0034561319184188283
0.494433965302749	0.000779846738901746	-0.0034561319184188283
0.4940519364581016	-0.0030953169375120826	-0.0034561319184188283
0.4921450901868269	-0.0023302255714054976	-0.00384738113172714
0.4919629155271767	-0.0022568144466230677	0.00018063343854812786
0.4900557239222903	-0.0014849298488615048	-0.0001976385734282493
0.4919629155271767	-0.0022568144466230677	0.00018063343854812786
0.4900557239222903	-0.0014849298488615048	-0.0001976385734282493
0.49023860730260727	-0.0015592124778278649	-0.0042417937760735325
0.49023860730260727	-0.0015592124778278649	-0.0042417937760735325
0.48986109294472446	-0.005469360195153206	-0.0042417937760735325
0.48986109294472446	-0.005469360195153206	-0.0042417937760735325
0.4921450901868269	-0.0023302255714054976	-0.00384738113172714
0.4921450901868269	-0.0023302255714054976	-0.00384738113172714
0.4940519364581016	-0.0030953169375120826	-0.0034561319184188283
0.4940519364581016	-0.0030953169375120826	-0.0034561319184188283
0.49425263429141175	0.0008537660028338223	0.0005558691508162905
0.49425263429141175	0.0008537660028338223	0.0005558691508162905
0.4940789566263676	0.0009246172986814294	0.004570870117002995
0.4940789566263676	0.0009246172986814294	0.004570870117002995
0.4940789566263676	0.0009246172986814294	0.004570870117002995
0.4940789566263676	0.0009246172986814294	0.004570870117002995
0.4940789566263676	0.0009246172986814294	0.004570870117002995
0.4957783687475685	-0.0037828450505270617	0.0009281048703225075
0.4957783687475685	-0.0037828450505270617	0.0009281048703225075
0.4954050758813438	-0.007650936577014988	0.0009281048703225075
0.49349572912842926	-0.006905239413442121	0.0005558691508162905
0.49349572912842926	-0.006905239413442121	0.0005558691508162905
0.4938704651798891	-0.0030227638526323375	0.0005558691508162905
0.4938704651798891	-0.0030227638526323375	0.0005558691508162905
0.4938704651798891	-0.0030227638526323375	0.0005558691508162905
0.4938704651798891	-0.0030227638526323375	0.0005558691508162905
0.4938704651798891	-0.0030227638526323375	0.0005558691508162905
0.49425263429141175	0.0008537660028338223	0.0005558691508162905
0.49425263429141175	0.0008537660028338223	0.0005558691508162905
0.4946422192342664	0.004724247562243544	0.0005558691508162905
0.4940789566263676	0.0009246172986814294	0.004570870117002995
0.49217221504062986	0.001705822121755629	0.004211684210792488
0.49217221504062986	0.001705822121755629	0.004211684210792488
0.49217221504062986	0.001705822121755629	0.004211684210792488
0.4902658376360727	0.0024930774969835756	0.0038495897226384357
0.4883588528336514	0.003286860503151301	0.0034843636039169207
0.4883588528336514	0.003286860503151301	0.0034843636039169207
0.4881479182962885	-0.0007066422188752863	-0.0005791798333510817
0.4881479182962885	-0.0007066422188752863	-0.0005791798333510817
0.4881479182962885	-0.0007066422188752863	-0.0005791798333510817
0.48833151616294435	-0.0007818105358956551	-0.004639612668106724
0.48833151616294435	-0.0007818105358956551	-0.004639612668106724
0.48833151616294435	-0.0007818105358956551	-0.004639612668106724
0.4904291998331666	-0.0016365662494344235	-0.008282747253096329
0.49023860730260727	-0.0015592124778278649	-0.0042417937760735325
0.49023860730260727	-0.0015592124778278649	-0.0042417937760735325
0.49023860730260727	-0.0015592124778278649	-0.0042417937760735325
0.4881479182962885	-0.0007066422188752863	-0.0005791798333510817
0.4879720678624956	-0.0006345917481753727	0.0034843636039169207
0.4883588528336514	0.003286860503151301	0.0034843636039169207
0.49009852973458307	0.002562467141449254	0.007899761881686063
0.49009852973458307	0.002562467141449254	0.007899761881686063
0.49009852973458307	0.002562467141449254	0.007899761881686063
0.49009852973458307	0.002562467141449254	0.007899761881686063
0.49162163950135473	-0.0021191407576364174	0.008245643471144037
0.49200555540867624	0.001774397333545119	0.008245643471144037
0.49178842923659766	-0.002186449516055955	0.004211684210792488
0.493696653071499	-0.00295322195618386	0.004570870117002995
0.49178842923659766	-0.002186449516055955	0.004211684210792488
0.49158672535474346	-0.0061537762733674395	0.00018063343854812786
0.49158672535474346	-0.0061537762733674395	0.00018063343854812786
0.49140046275415733	-0.010127276229503046	-0.00384738113172714
0.49140046275415733	-0.010127276229503046	-0.00384738113172714
0.49140046275415733	-0.010127276229503046	-0.00384738113172714
0.49140046275415733	-0.010127276229503046	-0.00384738113172714